uncompleted_cases,Resource 1,Resource 2,Resource 3,Resource 4,total_reward,mean_cycle_time,std_cycle_time
25,0.9623293384940703,0.9566558289673467,0.9423846703342051,0.9373374824602926,0,18.07456633431239,10.198670054151679
9,0.9557881196593798,0.9438983779048709,0.941702830693641,0.9301573357315425,0,33.95371573341497,29.69425061431712
10,0.9498638011218574,0.9414497966014578,0.9365063621297011,0.9240363482450055,0,17.73852828652275,10.978915145515868
5,0.9435169667154749,0.9390305388352496,0.9282867999274694,0.9240504405407237,0,16.657004739765693,9.58848476506006
31,0.9393707273427002,0.9149394275036269,0.9056878866748106,0.8973126797024481,0,16.560686032201403,10.87804199166151
20,0.9745201789497178,0.9673063909732095,0.9649051199529224,0.9537143746361753,0,25.970260566762995,15.316240031299213
12,0.9629496281539758,0.9568703762961044,0.9491841889209598,0.9484457360424169,0,28.590020852846127,23.520706187050376
24,0.959416179150099,0.9526694467321306,0.9419599693907897,0.9410171573640489,0,19.466272300882892,11.943378356967209
8,0.9377895557405013,0.9312820907185313,0.9230811235376315,0.9144695311776044,0,22.732306166115468,17.2877634666378
5,0.9516188143971384,0.941410824517145,0.9353004558161246,0.925288415775218,0,18.70850959556433,10.552078729650441
5,0.9536997061241039,0.9346336803179609,0.9256720589130489,0.915475253688691,0,27.971796972740716,21.46804198940457
6,0.9447337005388421,0.932041798860454,0.9295643529235503,0.9256525787960483,0,17.069200183152685,9.906279867080304
19,0.9668852655370344,0.964668261209377,0.954549893539528,0.9509950709597491,0,22.045967919672016,12.835220500481666
20,0.977681528324201,0.967816321827692,0.9656773075840509,0.9625254285781735,0,29.24172968293971,18.98963340437897
6,0.9563411056626199,0.9394012799608501,0.93345221521618,0.9317358398311626,0,21.143767791675884,14.603973765007039
6,0.9263924759157475,0.9035167224004274,0.9033078486258772,0.8827635950708349,0,15.15241170057974,8.98091764753439
21,0.957976212400038,0.9529888444494818,0.9491678464960182,0.931398628535389,0,19.77768461026726,11.67759292524896
6,0.9539519890495083,0.9424027835608522,0.9348152190598268,0.9316755068769172,0,19.60649990995463,11.819838514543498
2,0.9428886562910654,0.9282921399074728,0.9159289556353717,0.9079791723384989,0,20.276294681109174,14.620734696168991
9,0.9430521501606609,0.9296555044211278,0.9166960111238713,0.9153091511738801,0,18.398528669558782,11.650295217053019
9,0.9567374231432346,0.9470143087240711,0.9380362026970747,0.9344427032754329,0,22.208975909832073,15.765356142088368
8,0.9448895750449148,0.9395132880127263,0.9280004018593032,0.9192776237177394,0,17.87235181328295,9.807458039614783
15,0.9721743083633126,0.9653272494566265,0.9560190126625006,0.9524319592903548,0,26.165991591464806,17.34351743979042
24,0.9665660369286146,0.9506266038325238,0.950594758665567,0.9398882357921542,0,41.800758315145934,31.333324737227073
4,0.9417470229284834,0.9247635326108421,0.9113129004386903,0.9099454387864493,0,19.632240679206532,12.150768282609084
11,0.9553833477762477,0.9407706656074235,0.9258682861181431,0.922331489046273,0,16.873107394428867,9.614423146430282
8,0.9242759652233133,0.9002351637171525,0.8890287712392974,0.8802250990101161,0,13.04806743132914,7.235628517593979
0,0.9393559453023761,0.9232996956493669,0.9185331372362332,0.9115975258138146,0,16.79469665023573,9.629286860483802
14,0.9501517840045166,0.9417662817065391,0.934412943657199,0.924226964295359,0,18.43119095575784,11.737064858673032
20,0.9532206021306822,0.9514321171870901,0.9431027650198995,0.9370240587768125,0,22.414818364554055,15.137269037769485
14,0.924145810635121,0.9122534719109177,0.8927805047312196,0.8852352632869113,0,13.978274774926348,8.487537760755108
43,0.9719053618700288,0.9596668688225367,0.9570164197415038,0.9473060049850488,0,28.33572675837538,22.576618660245604
6,0.95566434882984,0.9478932180128188,0.9361843573995097,0.9321267314670325,0,22.941817098384917,15.82722269416824
18,0.9330806478386534,0.9205841297571469,0.9091585881398825,0.8959833008591773,0,17.09532105165856,10.671416968115697
19,0.9269032719325316,0.9152940677161774,0.9037979978534082,0.8904103383822505,0,15.913256832966534,9.955829263008576
3,0.9562652060033512,0.9437256943247198,0.9367336976063075,0.9316406124196351,0,26.356147394427314,19.6771994140829
18,0.9479385813475081,0.9376708689000159,0.9240760715484779,0.9196571976661871,0,17.91177956807286,11.314737636155863
3,0.948738760397517,0.9381024426587034,0.9213802540981356,0.9215595654998547,0,17.126886268780428,10.564540290853014
8,0.9355030379488184,0.9258361655918547,0.9151068261867306,0.902136125514774,0,19.680838168912842,13.267026480028953
14,0.9621071855817931,0.9504402520539569,0.9429917737019765,0.9347116473420749,0,23.516552800363364,18.247006429617567
27,0.9437221485866237,0.934477566692474,0.9290243871039127,0.9179366988694537,0,23.967718406763172,16.933164268660235
26,0.9509358409396235,0.9381209507678734,0.9309659413974516,0.9218168179397377,0,23.01328768209181,13.94111050254796
7,0.9403724779045209,0.9260303874741534,0.9112154272834864,0.9100024417110826,0,17.650040056881036,10.446363050774075
5,0.9622450142164276,0.9537917054832018,0.9427683823298992,0.941138488014144,0,25.306594317023222,13.587987956349071
19,0.9500195484252559,0.9369424770534901,0.9237970557865735,0.9223986404192119,0,24.642746437605105,18.239152766053998
5,0.9762872544768828,0.9698546576327026,0.9612863219009612,0.9592472565347767,0,28.04991253466965,16.104025107287306
7,0.9551347139792197,0.9497703037167383,0.9428654714878663,0.936486389771832,0,17.88215216955324,11.080423409769303
27,0.9705005878865693,0.9606700684134355,0.9593287327564413,0.9537428128028516,0,25.084703396389965,14.704269525983953
6,0.9721753575468934,0.9637681729782489,0.9607217074282395,0.9553102790707441,0,25.016170133295116,13.661910460068668
13,0.9524220043247513,0.9437386341896047,0.9404429328873039,0.9309090300530517,0,17.936840906637926,11.07823254441661
1,0.9344759699123355,0.9263911383724304,0.9148273018500622,0.9070603489391107,0,19.03505302633057,12.193405457236553
12,0.9317253702585602,0.9164724925784596,0.9026026317749897,0.8958688764648385,0,15.79784435051164,9.365149867225643
13,0.9427609695605741,0.9325331401722977,0.9203888211629503,0.9102577216847045,0,16.06149021447678,8.795732809715583
8,0.9389363379268325,0.9293398416573231,0.9111912289129311,0.9087301333459791,0,17.11273770431476,9.907258518340477
16,0.9598393747375888,0.9495955038856646,0.9451246988499459,0.9365775188526757,0,24.83427247935558,18.870231668746307
8,0.9332166389587259,0.923955301710047,0.9084855447419778,0.9039265522159247,0,16.739034548115605,9.881081071903276
12,0.952484989774536,0.945331156120643,0.9406756625820318,0.9273211102026555,0,19.7864135846741,11.849642400167687
6,0.960027851833041,0.949823335443249,0.9492735196730493,0.9419591688940573,0,33.48495693872616,28.801656620796997
26,0.9251569715350746,0.9124296048175254,0.900922011138716,0.8956928101006626,0,18.22000324609038,12.42098919182027
8,0.9050298993856842,0.8972670837198357,0.8809584850491401,0.8709939389003881,0,13.50111210774018,7.882857931236276
10,0.9702087427623215,0.967038907145404,0.9567137050409361,0.9577867692321551,0,27.319676137344313,18.887756893565555
55,0.9361546575806773,0.924568570518226,0.9188080141791144,0.9028673633117807,0,40.14998840886874,39.89967726450785
10,0.9160849648780759,0.9007005237579079,0.8928273670118874,0.881940176433282,0,12.859298160895786,6.967950569293617
8,0.9574151869722218,0.9425460489172203,0.9352401686879873,0.9271798307396546,0,22.191877896434104,15.869450692501616
5,0.942482360582056,0.9379830702680322,0.9230784055791952,0.9199470073960394,0,20.25209834137071,12.030947382313645
3,0.9402097446808714,0.9323848715656059,0.9184211651601525,0.9154401694430216,0,18.673062598682442,12.563409552868587
9,0.9333811454593102,0.9189272455659275,0.9137559703966559,0.8998734130679026,0,20.862100169780692,17.377044501244324
7,0.9386442610488138,0.9185412115360186,0.9113118856046374,0.9044500067379265,0,14.833993062206137,8.574190982191238
11,0.9311580957439435,0.9202977665611778,0.908385723118723,0.9024032998420722,0,17.474657168784393,10.572586102873672
4,0.9506089802495331,0.9401114560788556,0.9289297997211328,0.9215798744615662,0,18.94108222441779,13.171938646313706
9,0.946376267050131,0.9377563285059644,0.925119037061961,0.9163592283940712,0,20.613743148877983,14.411675000767156
29,0.9821645516930172,0.9798526673838202,0.9771717752742208,0.9730552155451191,0,45.639517929437105,28.75201396416256
10,0.9418861850723411,0.9222467562712517,0.9203290152021556,0.9046520476549819,0,16.561846583924407,10.157911884045442
7,0.9442762761377177,0.9366773924039408,0.921203732076634,0.9164937877373343,0,14.510299362488324,7.734816282378941
8,0.9421615492933674,0.930707787807756,0.9202984880521248,0.9086942396297072,0,17.002175894740347,9.899319217132382
15,0.957345412463892,0.9539638852944885,0.9428993701014508,0.9431221543784933,0,22.596733280067482,13.79910559410753
5,0.9086363613744556,0.8806396072933905,0.8657678593603565,0.854049512647556,0,12.412391901316248,7.130912142511469
7,0.9486884215148504,0.9384223270717094,0.9320610747520953,0.9270600270909037,0,19.715051586252514,12.21444564721508
19,0.9523369697549393,0.9392438730125312,0.9371156602194749,0.9288555039220837,0,18.692419291866333,10.70599470213007
4,0.9740545024359637,0.963233106052141,0.9604749715005022,0.955462537811298,0,20.644488236699427,11.394027055985061
4,0.9474830868207371,0.9312494157695465,0.913811614359506,0.913691258970199,0,15.470870497999847,8.564148791347014
15,0.9518616370961618,0.9398109944942454,0.9295214664746209,0.9268720070637737,0,30.776601548064363,23.386635704655287
8,0.9596607897434134,0.953216177265326,0.9421401896704313,0.9415130985966487,0,22.596852865291513,12.63264996763752
24,0.925295566494895,0.9099648305769651,0.8968870602473688,0.8825660153120422,0,14.656711445480507,9.15752839969233
8,0.945680008954585,0.9370535263494939,0.9302300917840237,0.9231292673648268,0,21.553600101424937,17.190163975850155
8,0.963158855569745,0.955936631915265,0.9484736973481673,0.946772518532082,0,26.37705192380937,17.23811173649545
25,0.9539942776485172,0.9441803756409601,0.9414491307952921,0.9329133994810891,0,34.15084607611849,28.665924732334535
11,0.935159349193267,0.9268144481289841,0.9119818642266404,0.9133658540802402,0,16.73488921750062,10.202767547463885
6,0.9676792839642483,0.9643097796387585,0.9545316544903956,0.9525973720920149,0,40.81806655855425,36.787254101672616
22,0.9639829627378301,0.9600599142874635,0.9530574408823553,0.9443272644151506,0,32.81823043758839,24.584758351276186
3,0.9363545706037903,0.9194581089774447,0.9091106171270027,0.8993317871595115,0,15.886829428992138,10.062143397618833
6,0.9462037680874134,0.9396888403140576,0.9264014394647616,0.9227651398703807,0,20.949769702699054,14.496441803676142
22,0.944044202605036,0.9372823690412373,0.9300235107707944,0.9182092895931373,0,21.8806452183012,16.45189487936902
7,0.9276391414545585,0.9148049206944415,0.8943103904948182,0.8880658554261162,0,12.938276630912778,6.7982412343245855
12,0.946934474347847,0.9284778161303031,0.9249342212413323,0.9192413859296891,0,23.569995761933118,18.41262361515642
14,0.9611787043784709,0.9572728240053231,0.9463695519295526,0.9376911383737333,0,20.494642689418225,12.872589470706432
8,0.9571140929649177,0.9423585566517402,0.9307303427873447,0.9166556888377422,0,16.593788164802014,10.097480404390941
18,0.9261683753319101,0.9081986651592387,0.9016509138493695,0.8903431261768219,0,14.222352471781209,8.337609512228735
4,0.9685316919425946,0.9646231807997631,0.9523170891424745,0.9478368158695314,0,22.37419366614751,12.939532671528948
11,0.9508297176523054,0.9439287817393026,0.9295133656083513,0.9256429839462224,0,20.79562170553409,14.817609789431843
