uncompleted_cases,Resource 1,Resource 2,total_reward,mean_cycle_time,std_cycle_time
2542,0.815483185811688,0.006384721946660042,0,2463.4704481101567,1436.5069408493487
2495,0.8180719374254335,0.017221207134449298,0,2404.070271306965,1434.8489876176466
2437,0.8345654039350424,0.04529198318766066,0,2228.8378916016363,1440.4469233799487
2493,0.8144384085813373,0.009857252575857393,0,2440.3849972611783,1442.483341820374
2411,0.7848250781848282,0.015628719740832325,0,2348.3679932018977,1440.1810386810614
2392,0.791256442973792,0.019747160388761516,0,2396.618257095539,1419.1001320461319
2448,0.777912813014431,0.021227132284498906,0,2398.0541393888075,1449.315896638521
2328,0.7845913743912902,0.02892052523518306,0,2377.614258689324,1416.4371482873476
2449,0.8474115509083349,0.04402184153435828,0,2327.2412829477994,1429.7198894436963
2267,0.8483160480861458,0.10946784401191721,0,1970.0476933551088,1365.5229789672094
2437,0.8464460374678414,0.03667009033755369,0,2263.1237863972297,1431.6744241886815
2428,0.7796142955086579,0.009708741428444998,0,2445.9704914637746,1446.8671399132268
2473,0.7626475339175233,0.015011002949779424,0,2433.5999513754396,1446.242982513997
2442,0.7878377907570601,0.007177537466173988,0,2408.3506628723294,1446.3074395643837
2531,0.805827074644967,0.026646024512604265,0,2368.5426124309515,1423.0909741453574
2423,0.79321388664511,0.018073796271931585,0,2398.709584607412,1458.7839445792472
2383,0.7676779371027438,0.016930114220588488,0,2380.6494600942697,1453.274986219375
2491,0.7922717858644979,0.01240757198266822,0,2410.600973785751,1434.9480938493377
2471,0.800860573870488,0.016010462153026702,0,2428.940824952616,1447.3569857842076
2469,0.8306892753545233,0.02837530456851454,0,2354.1557919700963,1428.089344007377
2532,0.8478253106883481,0.012762516154060932,0,2431.3381217826545,1448.3314633154575
2326,0.8342161701720131,0.07113189445376872,0,2176.0314209433773,1431.6798505951624
2446,0.807055168352389,0.03212637859113862,0,2360.6130464552866,1429.1876816412753
2411,0.7870617504266233,0.0160900993153941,0,2485.8309126936724,1427.1131922580626
2487,0.8047909707882765,0.009801265320720605,0,2469.7990217197794,1439.0956464358856
2482,0.7891158674360123,0.002660365279364824,0,2473.1623016993285,1432.8592735883797
2456,0.7937241367177178,0.022130068573441485,0,2385.951420474468,1449.2979155224764
2519,0.8189714895168801,0.0054636277897133646,0,2504.150899790474,1451.7765322024172
2435,0.804858409003213,0.028025452879876924,0,2340.1624818242303,1442.9479223586723
2421,0.7811412511428243,0.008256025445613695,0,2434.5920035085896,1441.6745695983043
2425,0.8007416337746347,0.030427267425967183,0,2308.3550925138793,1449.88666042864
2493,0.7921850304468778,0.0020157097676848437,0,2458.8495306275627,1429.6951151899962
2421,0.8004123133934906,0.01056368774884698,0,2471.1913947587886,1425.5541979377567
2438,0.792022132005569,0.006794769895213617,0,2439.5743716085085,1451.566159937372
2398,0.7865663250359894,0.01629313316649762,0,2408.6197193290163,1446.68701761664
2513,0.8414240070406075,0.025147698602382095,0,2417.756628638,1424.8073607000736
2472,0.7989097044815897,0.00019665220559913834,0,2501.6156200236455,1465.7094974597496
2572,0.8321275330937042,0.011847455733398054,0,2432.2305832168845,1420.0912880943272
2419,0.7660330446190493,0.002470344050139763,0,2452.9832469224666,1461.2964824746998
2428,0.7900856253788443,0.022475683853202203,0,2341.2853691337705,1444.138876881354
2526,0.8643615896209128,0.028255516321356287,0,2337.7586247985323,1444.2207115556778
2218,0.730825251927206,0.04611743403663459,0,2231.904877124074,1413.8325430240993
2365,0.7666761116702046,0.010621943119734302,0,2433.1963174932425,1454.3118173821742
2389,0.8106949748225948,0.035894801573127764,0,2302.0659765089495,1435.3132298243236
2423,0.784934057681338,0.01046442156527326,0,2407.043129617853,1429.8315845143866
2457,0.7875825593590304,0.007584172338711764,0,2455.9539803496973,1430.8506698493948
2492,0.7999722160854229,0.020728490503719492,0,2356.9861318151325,1434.7514211216
2401,0.7874318369030447,0.02697712458905436,0,2347.0340173675845,1426.6413841304898
2457,0.8148734884316096,0.024621402251354757,0,2384.0798002116494,1413.8671124902362
2476,0.7828050237020421,0.00706027702920313,0,2493.1792794293506,1446.3477713395232
2475,0.8309903657157034,0.03548527399944695,0,2290.988932481966,1432.2143596483918
2473,0.7937278594797773,0.018566106183247093,0,2392.998829598472,1450.4156060822083
2537,0.797184056616325,0.004869922669665521,0,2503.925516905097,1439.3094182188745
2494,0.7966338871732809,0.0028991172325198455,0,2449.441328350073,1456.9723629379846
2450,0.8096148500552467,0.008378521954960251,0,2409.505263264521,1429.20741998397
2422,0.8080620988812617,0.027050245103489474,0,2347.9687346582587,1448.3836325160755
2399,0.7854725329766954,0.011712995636082179,0,2391.2899656620298,1427.656583962457
2422,0.7790846959195838,0.012991425537034437,0,2496.674402783642,1436.9212590828208
2456,0.7785314682493748,0.006154126648658787,0,2407.2390110352803,1452.821700095995
2457,0.8040610081650659,0.0021357827724454237,0,2468.530156332148,1448.160691947751
2435,0.7813594212037241,0.0042646232259424405,0,2517.668956532599,1436.5843964224287
2388,0.7959087163458749,0.018227205006861282,0,2354.016455802722,1443.4279399060183
2511,0.8147305982265993,0.0036309746807598187,0,2471.9437426777595,1420.2044604768892
2351,0.7756087788981965,0.05180024357249529,0,2177.2077593680665,1422.71907088932
2494,0.8009250126971081,0.0023577514444655806,0,2464.174120379811,1426.5141312329808
2414,0.8273110449004667,0.058952303704267454,0,2172.3223913389993,1431.3422027081303
2531,0.8144502775983274,0.007705183697136671,0,2465.4962756225223,1447.159611673273
2386,0.7879469206453604,0.03497265409765022,0,2319.999263501087,1435.38835611626
2435,0.7971381302479745,0.01658646741149218,0,2400.4446336146048,1417.3339087284558
2410,0.8106597992247069,0.025107736693933434,0,2357.40278951027,1460.6402592987977
2462,0.8100547305900494,0.020542016986411428,0,2385.7573688170114,1448.484680511041
2445,0.7777905223453385,0.0019223659069892804,0,2404.5480769256806,1433.7706934458042
2304,0.7602966187895978,0.032710964903683165,0,2307.1960607589212,1427.185245083763
2424,0.7697215679050268,0.012042159224659224,0,2417.0252548564004,1422.9165340324753
2477,0.828216821919405,0.01587540505432205,0,2413.114124546739,1442.6758235281961
2516,0.7915981658024261,0.004213013691941334,0,2501.7672006737134,1422.2858388962036
2482,0.7855367675235444,0.01830008363328575,0,2355.690351299577,1453.9523112585534
2495,0.8056168867746597,0.0064362474005354355,0,2423.4356351640877,1449.789877166132
2600,0.8607274636388653,0.004481306742902852,0,2474.4060896327587,1429.192292662154
2396,0.8075395738113692,0.046387193924667926,0,2286.3416477706646,1450.0932154340073
2496,0.8339849709574637,0.035687077304546545,0,2327.2390233355986,1429.2871295796447
2472,0.8022023326005188,0.008530807691684206,0,2478.153151334645,1454.9197958182797
2277,0.8189670293727352,0.08636842634696744,0,2049.5015550894864,1412.3214353711485
2464,0.8261966333598341,0.017407009162630434,0,2403.7135447605224,1430.345999358395
2374,0.7666771265050657,0.01133980015556334,0,2408.584713443116,1462.4137720737178
2427,0.8079649369538461,0.012114813823279943,0,2425.4302521390455,1445.7945116961544
2384,0.775710323750424,0.03054522117228631,0,2319.0676545476335,1424.8328291716089
2430,0.7850265278171187,0.027739678832595673,0,2325.153641840686,1438.5035405271076
2490,0.7910740348399768,0.010004839023822968,0,2447.534725290903,1453.7958159244665
2444,0.7969444348116533,0.04491129530343933,0,2262.926740055507,1441.437658737101
2306,0.8277563078299947,0.06819401016194536,0,2139.9458423490655,1411.6693574789049
2453,0.7869301355898836,0.005560432667204923,0,2476.2074970970093,1452.0200814995067
2441,0.78607166380747,0.006243937401527941,0,2442.944015455296,1444.0120453117338
2495,0.8061081745703235,0.008975652340303066,0,2453.7921277548116,1431.091072233355
2444,0.8496094672094747,0.024269091888542604,0,2377.608760190786,1438.4129382118124
2514,0.7870666070177622,0.0098519978459901,0,2416.8356283550565,1436.782638719445
2442,0.793887340459101,0.007178864930986291,0,2404.175673325733,1440.3903503395727
2342,0.7870160967291829,0.04097784180978636,0,2214.5570018590097,1411.6204834463426
2373,0.770317450215603,0.014387863967380175,0,2445.1534405624543,1440.4292465592725
2479,0.8240300656973746,0.017376725494663094,0,2413.720101028834,1445.5413467575122
