uncompleted_cases,Resource 9,Resource 10,total_reward,mean_cycle_time,std_cycle_time
4,0.5537495250337122,0.7547333262474537,0,6.382235306700741,5.580427951970889
3,0.5283440796137542,0.7239262543701511,0,6.7477962692215545,6.431999893043946
4,0.5589450362584067,0.7492558214257047,0,7.502101672104362,7.118441011430343
2,0.5893038045548421,0.7770407154303774,0,8.212157230882259,8.456903140318515
4,0.5006461281535124,0.7623609090372453,0,6.551354865977919,6.2652418234213005
4,0.619145922659077,0.7835412752451831,0,8.35584433899254,8.826416693247575
6,0.48126389098230277,0.7330533503224965,0,6.275973301563023,6.515670520229092
0,0.5474364320321291,0.7666663404305921,0,7.533733308048482,7.520609348933783
0,0.5823277615678614,0.7759370470440227,0,7.928137613273017,8.184373321671977
2,0.5439638431520274,0.7561438440713653,0,7.350896156297655,7.217436051177078
2,0.5497466346639114,0.7508500201342412,0,7.664141356777818,8.031708002260979
9,0.5309900182099133,0.7533016621715929,0,7.583215910750303,8.116390185123512
5,0.5007432195527989,0.7274579601451722,0,5.641622831972317,5.3881385123852485
3,0.5091859585084513,0.7529383396711575,0,6.807310487393685,6.932713491821838
4,0.5706488015163741,0.7518858646304254,0,7.718384346023435,9.355803682271079
0,0.5169082191561765,0.7330537033544233,0,6.106638097906215,5.6536713603559585
5,0.5254108682121597,0.7419277269594399,0,6.2420148101699136,5.810516147087194
11,0.5110564627620485,0.7405442505173614,0,7.189997018542089,7.780487046455347
7,0.5353358497352575,0.743299876844286,0,7.040814611909287,6.810972032589264
1,0.5055404385876964,0.747276199843872,0,6.223133348288604,6.077188892595673
8,0.4954352063392508,0.7221797287418769,0,6.695401552585556,6.4607936926186476
0,0.5499127290806112,0.7580573476564091,0,7.338847613425241,7.594687782755697
3,0.5561029374861073,0.7714901694165336,0,6.603966156790039,6.180444429967914
8,0.49289891283425386,0.7584530130787609,0,6.642156256815507,6.550086411994806
2,0.5235396156184703,0.7555802469565666,0,6.862509984488622,6.821005822811183
7,0.5436107318182044,0.7565520640434928,0,6.501636032746932,5.9491561725469
1,0.5076030194109277,0.749818087033583,0,6.550757207006158,6.922267262228994
2,0.522620167942174,0.7376285463156623,0,6.275679797896533,6.359031026841183
2,0.5556088462061588,0.7570803050401416,0,7.558224643026887,6.814578113222224
3,0.5388043144790068,0.7374386329934465,0,6.5146416437337775,5.826440016143053
3,0.4968154020406186,0.7523851126042674,0,6.204802140365948,5.779642327311066
2,0.5425814863715409,0.7333689756398875,0,6.280222303168845,5.721959499632717
2,0.5134039569640303,0.7191242902451827,0,5.553466772376359,4.791475382983569
4,0.5902375493576496,0.7750488380330401,0,7.574645478703126,6.848237042564291
3,0.5205419389197524,0.7364142665680524,0,6.552311010677305,6.571776254130564
12,0.5540050129397162,0.7437376128002511,0,6.118547059506978,5.6939321537873715
5,0.5533804241559906,0.7404600048765451,0,6.575881584334689,5.674682912870962
0,0.5732005537896583,0.7594711580868406,0,7.122805290351209,6.288590167064278
0,0.5426066084439782,0.7478117517652269,0,7.122271953177472,6.45057002241683
12,0.5715286530711802,0.7668722751618465,0,7.130054046355757,6.6976679525236325
9,0.5539183970089032,0.7467429912875134,0,7.7529843309642175,7.825898270092405
4,0.5176226023607178,0.7302043064921149,0,6.095243703585466,6.02570512297776
4,0.5669690261731131,0.7659849789318829,0,7.2103051360000885,6.640910881860858
2,0.5194309082114708,0.7734935994668108,0,6.323071050654405,5.861194418101406
2,0.5420217349402433,0.7407923248545578,0,7.0088190371028,6.923102764470644
0,0.5086160370676472,0.7447422605284165,0,6.660749073459133,6.069617609601349
0,0.5587784948370186,0.7616264602521536,0,7.194640307793662,7.124944499952939
6,0.5367398372490712,0.7571460041522646,0,7.34980337062967,7.114099328408385
3,0.543612636575285,0.7579642348689507,0,6.351782146816733,5.756312429079755
1,0.5044490592199777,0.7769347989105257,0,6.782882127003473,6.89631484532559
1,0.5315316516417337,0.744390813169447,0,7.066301893428247,7.29104588860272
2,0.4601505737932723,0.7130335020583711,0,5.2642383596279885,4.942105994771656
5,0.5181674874534509,0.7442010762300477,0,6.97517404607387,6.681296689253846
3,0.5048698811484371,0.7584169422490539,0,6.742141791748179,6.257948409876538
7,0.5412037801623704,0.7566193886684308,0,6.719622340009408,6.013760928440282
7,0.5048370779117043,0.7499797740944182,0,5.96176673736792,5.245364714217934
6,0.5209506582061539,0.7385754090394374,0,6.6907473265643596,6.42733415926376
1,0.5644512444028635,0.7395070941063471,0,7.759171392430449,7.97941963666825
1,0.5153504625925409,0.7198351933073309,0,6.058807708213782,5.527146774005341
0,0.5249600352429277,0.7486635644920324,0,7.076636224936952,6.483636668727954
7,0.5332221401384061,0.7500315238654089,0,6.0577031952952085,5.758645171314537
1,0.5327879098004902,0.7409540442801407,0,7.288753715259358,7.586204350575358
2,0.5500984896055444,0.7634291071949907,0,7.1497486891438,6.6973915014255105
2,0.5002774526498364,0.7345224987965349,0,5.828696476680447,5.597686716888265
7,0.5255169857474542,0.7132371121253592,0,6.081166549998192,5.3815279633631405
4,0.5163378820466867,0.7497556717391288,0,6.923586672282288,6.461715912192922
2,0.5213971674747456,0.734437481763213,0,7.0193383685338055,6.716129750343488
2,0.5145732755538633,0.7521296432844664,0,6.426316414163703,6.165268294580397
6,0.49964973300187787,0.7623248527576407,0,6.594953191937505,7.129593370255885
1,0.49268947312525524,0.7355858102270045,0,6.124652400303573,5.839589833665132
2,0.5270913186542313,0.7203094178785319,0,6.6333151384107145,6.205262076441591
7,0.5222716979063226,0.7370861684950216,0,6.605716104960938,6.960308821934757
0,0.47665517359067255,0.7213734980671866,0,5.782069329089886,5.788205235463936
0,0.5163035869016644,0.7558899401954656,0,6.089117981982733,5.471410662339134
1,0.5117688052565115,0.7297530647297703,0,5.995962946578733,5.433209997057566
7,0.5194287966651943,0.7433963488292816,0,6.6992971637966425,7.237595340879742
5,0.5245634422683165,0.7633728910667532,0,6.450996883536541,5.817781692693255
2,0.5453835741388623,0.747570122084592,0,6.358828367598693,5.566269976414908
3,0.5202944786423516,0.7459957914583213,0,6.8086670394851545,6.646767259889962
3,0.5036709459293329,0.7694114595246946,0,6.365793702203698,5.773604634891987
0,0.5130668438537371,0.7527543583658775,0,6.442470617700536,6.426976512874889
7,0.5656533144758379,0.7376232573417979,0,7.370474420181821,7.604780477911573
0,0.4779762363721677,0.728523765076055,0,6.764822965565347,7.350597975275323
2,0.4975620307551553,0.747332928954537,0,6.624660203090638,7.191121649116182
6,0.5295236714197419,0.7587386492713816,0,6.8188353029576225,6.792704924943546
2,0.5089983412447342,0.7435145471236777,0,6.13339432844992,5.453775262884493
2,0.4774728255370368,0.7265059247802496,0,5.881147457479279,5.429560205700576
7,0.5351072899209024,0.7360157070411957,0,6.941887560023541,6.669766514031979
2,0.5226902287305739,0.7536653333212366,0,6.966575036812152,6.727627352453092
4,0.5444195080204384,0.7402930012299519,0,7.342841909539342,7.134362386046536
3,0.5271775877011434,0.7488578374786996,0,6.45257744613525,5.98813989677219
4,0.4969171873227547,0.7620147665182985,0,6.572604817075192,6.2148783854924465
3,0.5392105730311489,0.7304873368956271,0,6.776455144468318,6.69608639571644
9,0.5506955158445814,0.7483106746912311,0,6.440848387569065,5.710789796880846
6,0.49935666538665757,0.7346217005977003,0,6.217597673195147,5.885266856261088
10,0.5833848852120895,0.7629202074229594,0,7.150122623843648,6.327693525350322
4,0.5269819086604897,0.7450054837530442,0,7.471827729919316,8.217543745067895
5,0.5044377083533885,0.7351863901204952,0,6.285463875063343,5.75144710088727
3,0.5065186573498691,0.733828105041607,0,6.233369984562336,6.198665094637706
6,0.5505781942856984,0.7201609457825416,0,6.171880805225122,5.451403906614409
