uncompleted_cases,Resource 1,Resource 2,Resource 3,Resource 4,Resource 5,Resource 6,Resource 7,Resource 8,Resource 9,Resource 10,Resource 11,Resource 12,total_reward,mean_cycle_time,std_cycle_time
48,0.743318707704296,0.7210977980351435,0.9635282940058026,0.9717282887339911,0.9080629402867236,0.9283799749984218,0.8529725789816143,0.8516084867043854,0.5163674327412142,0.7669341389987495,0.8731227018717241,0.8716984301777193,0,80.32880046171923,23.871889170087243
70,0.7615068425486426,0.7633584221963947,0.9452004416841201,0.9382206644839102,0.9278824170489989,0.9477669108634668,0.8594002374807165,0.8684496509672858,0.5250304975632423,0.7678396888814097,0.864908346925414,0.8665787758870847,0,70.98722105186611,24.783889620550298
82,0.7553531746783505,0.7681866338333397,0.9690640342244363,0.9659820040447572,0.9631427382552478,0.969349777665731,0.899048206559912,0.8920041463763162,0.5394952254175464,0.7881909630812833,0.89671658934884,0.899435679093915,0,93.22974707961141,38.83826185811193
32,0.7306915226483274,0.7276992945884481,0.9142972192734984,0.9156793018919558,0.9160711207318389,0.9252067607030849,0.8539716979792127,0.8576536788751913,0.4918634277116609,0.7367531873719214,0.8363456583120734,0.8477434991693786,0,62.00646506109863,25.939346066666797
40,0.7560887983457146,0.7551124855387579,0.9339354655266737,0.936842944560638,0.9187930908585397,0.9304961586265729,0.8379013006321553,0.8393011268340371,0.5103750120136492,0.7640868510446468,0.8420865412567132,0.8320871285850613,0,57.3499063229233,17.525546187333358
32,0.7474888007092614,0.7449574520328536,0.9667249067556216,0.9674361552111944,0.9409788393828549,0.9484592877773365,0.8554779984166487,0.8574798593324846,0.5052066208601218,0.7568704427050438,0.8414368612489065,0.8511526932135919,0,89.89070775264872,31.595627158773727
37,0.7591732185033557,0.7646338977149366,0.9467914823901329,0.9480590206066578,0.9110061763353986,0.9346093895273674,0.8682124923942969,0.8702725112362762,0.5368269796699966,0.7739921869890104,0.8414089849617803,0.8398722969584027,0,70.49616721468233,24.458140399487426
35,0.7530341766235538,0.7434945325333502,0.943951876579545,0.95004350140565,0.9074560392235415,0.929605220333256,0.8733654396715131,0.8709282324512327,0.5079990175998852,0.7752341034931154,0.8554547430667547,0.8626109332551927,0,80.647427465561,30.18630300288553
13,0.7245395007205279,0.7254271249057727,0.9032808052520334,0.9122737510348017,0.9033564009355752,0.9201211451089665,0.8183940781548893,0.8200184151064958,0.48549631006071714,0.7287050768067482,0.8467027537323998,0.8475948826305304,0,57.388164581181904,22.623353913496587
42,0.7119813363621594,0.7151012392835457,0.9219045170532656,0.9177596507701502,0.8657719261739688,0.8921493511015124,0.83715794852661,0.832305730939798,0.4897921798741736,0.7558052892656543,0.80693426229377,0.8063664613031694,0,65.6125510395014,31.18376278565672
32,0.7574841332223334,0.7453621060844483,0.9584946114834607,0.9589147708694556,0.9206859624901502,0.9321602623647541,0.8429362227799551,0.8464727844649169,0.5291934716981327,0.7396560231910863,0.846488529778488,0.8440011854557963,0,74.21670335264916,26.1780821437074
33,0.7362466221125669,0.733417341176144,0.939059702443214,0.9447241440947217,0.9209522580622402,0.9345195060952135,0.8651565816193079,0.8560839945723444,0.5334808931494972,0.7631265399072965,0.841507215677699,0.840510348390793,0,65.48202595909422,22.682916974013338
47,0.7421857711866218,0.7298502173803756,0.9136843012398523,0.9176250885010321,0.8980520524748302,0.9224810600054432,0.8440419799271083,0.8556736053341296,0.5067749965844937,0.7541991649397006,0.8618355294346993,0.8546882513922064,0,58.16375503757339,17.970186336974976
52,0.7134641868364503,0.7013484739139545,0.9129445672998036,0.9149930194627787,0.904262152531561,0.9157031830408361,0.7987333782204246,0.8080874876081166,0.4991707186206334,0.7639074206726586,0.8410365291882664,0.8373380742875502,0,57.15616641112902,23.739051739995165
57,0.7327626843015457,0.7361610763453058,0.9543661595475181,0.9614138461272954,0.923718896777408,0.9438662340881765,0.8592806372183107,0.8585206964725847,0.5101258008774902,0.7863910543365229,0.8567682384443016,0.8555433380737619,0,72.61373916059286,24.768163787154233
21,0.7310143278327723,0.7317363542699128,0.9021985760929647,0.9098755496399689,0.8807967418878047,0.9083959375647721,0.817313460285322,0.8196979124826039,0.4908749192973804,0.730153870807215,0.8430798205680617,0.850284300744203,0,62.958635766812165,23.178508129131565
28,0.742371706408822,0.7424842920812439,0.9472963214253434,0.9583465504477992,0.9371375881068199,0.953616581325082,0.8393215321800486,0.8430880580257301,0.5188006400411488,0.7555712179729126,0.8586264680276525,0.8609513554235626,0,85.00437496571995,30.962872237837036
55,0.7199464351462835,0.717897083783193,0.914493775111696,0.9101731891975527,0.8989649223826853,0.9182095277841732,0.8192840474281826,0.8219643530408893,0.4941831563963241,0.7532558483914965,0.8313539183764911,0.8271754285237086,0,70.43214797356161,41.7977623728444
17,0.736777158580885,0.7427279625591918,0.9378629498976748,0.9352099113632816,0.904167868661644,0.9198871867912262,0.8401554419571441,0.8290573043089456,0.5073972393381153,0.729333222904798,0.8351630355355982,0.8302226808545751,0,59.29425652159545,19.380471443833798
41,0.7284611617032952,0.7184784530541267,0.9326818360422406,0.932281041735233,0.9298545069868004,0.9530722046367694,0.8350641490833088,0.8466931864744731,0.5338150346936323,0.7956382801216264,0.8175693569674717,0.8157406046502435,0,65.8082703410409,20.573678647796783
26,0.7280231027465159,0.7413654234439722,0.9355494179919306,0.9306472047862089,0.9105147363780017,0.925673522196149,0.8199198112272654,0.8306020886373846,0.47096623950538635,0.7100534056870584,0.8310485190144402,0.8306290679828969,0,61.20499734793626,24.853157852660416
75,0.7470447192016919,0.7692381857165029,0.9186208719103593,0.9192936596868936,0.9240257759412321,0.9426170616385939,0.8516103201890375,0.8560797289320844,0.5144795001698498,0.7642139864763356,0.8825810979023468,0.8773655969979772,0,68.33642095517556,25.06614717239728
45,0.7641457693931117,0.7526060660178553,0.9647641596689649,0.9664943843891535,0.9278116129279459,0.9440576705451326,0.8865989566520549,0.8929725904617966,0.5352467124939964,0.7859768118567888,0.8479015950958144,0.8554065914803525,0,88.11316868534453,41.314019450777295
28,0.7218158386858492,0.7296647834144481,0.9326384490117614,0.9243806726373219,0.8918205265181403,0.9097568948846448,0.8710930682744805,0.8791995238012456,0.5177291595312897,0.772949228204832,0.8319877988180586,0.8288958361270612,0,61.738090767052356,22.33771472512711
26,0.7386732344791058,0.7446921193146995,0.9403571061391838,0.9291053411959014,0.9066059561806252,0.9250747983379629,0.8178099198039257,0.8204745634219427,0.49596624933234335,0.7455815495460313,0.8331977606776896,0.8322540686040251,0,64.54047866920018,25.292006949023282
88,0.7214281265814646,0.7143310946910215,0.970890530242858,0.9649096486880547,0.9036653961173795,0.9227356144627814,0.8614998963119178,0.8635930253165625,0.5058626362956329,0.7667170972222133,0.8632965250649424,0.863340735921797,0,82.06233033918144,31.519905316170878
23,0.7133939191722987,0.7021073301117067,0.9024312530352201,0.9085744764378025,0.8929456309039233,0.9056002549152847,0.8039061080294333,0.8050373565355874,0.5090999217833655,0.7476936359901042,0.8274512426356337,0.8162663844209872,0,55.521520085090316,23.658669338466872
17,0.7202010218213883,0.7366357875533963,0.9091414911428627,0.9107415590934339,0.907185316257623,0.9101626541958411,0.809270548200512,0.8313804189664113,0.4755659897576741,0.7232548729671864,0.8428848521320175,0.8391864388881554,0,50.68668416336995,16.304849477742163
65,0.7587403713181361,0.7430715332067017,0.9535854495050257,0.9538071758163842,0.9206688907373238,0.9381645055487398,0.870130163341427,0.8606602249113852,0.49420519918190414,0.7551831196413884,0.8746211913478977,0.8685433786663068,0,71.3371186202111,30.165650583116122
41,0.7182884511242315,0.7199836457181367,0.9218155884411307,0.9223256143556595,0.9369201550979936,0.9487635741942464,0.8536711829079732,0.8508317156275327,0.508521479175251,0.772095051070565,0.8562884872932082,0.8515639811636363,0,64.8520490997268,25.525399240570152
27,0.7531269234258564,0.750242783729631,0.93050774184816,0.9216404410767526,0.9129628590734988,0.9324324126860649,0.8590423639264891,0.8533227033049449,0.5162463202163703,0.7563707839969729,0.8407630774831799,0.8431792599370789,0,59.08810369639987,21.284230569682734
21,0.7421391958812416,0.7475119280484519,0.8970100498257765,0.9027547381313414,0.8525456609794263,0.8835215084699033,0.8186775677579136,0.8106737414069345,0.5210863435063889,0.736546146008023,0.8487391507579878,0.855696664893406,0,47.33744889929117,15.885695213759222
15,0.7472545093764641,0.7368840207571313,0.9489630578801272,0.946115690706269,0.9359051175818338,0.9474267947754482,0.8498657030950002,0.8413703083211194,0.5036474431697541,0.7697026618800474,0.8473982487345157,0.8520888829411377,0,78.72699173817051,31.390774558957467
26,0.7271060830929531,0.7188063280697338,0.9192471821063526,0.9109963270817408,0.8706006913359295,0.8974526019046749,0.8197563178260451,0.8255717225773663,0.4866891550503083,0.744862166523305,0.8364785437863231,0.8342494538346393,0,55.92804100827215,21.21449787748556
24,0.7676526068802267,0.7703614458490426,0.9486207926442305,0.9452968520982444,0.8912251846001833,0.9169714274100261,0.844891798534304,0.8611738933277716,0.48820552657570027,0.7639642232031953,0.8469201774376072,0.8393258749436149,0,68.99652743877722,27.30652373431197
16,0.7181147228489486,0.7154490827294179,0.8944862816348892,0.8989417863148281,0.8634483673908447,0.8829417859514861,0.8184080657648833,0.8122058500126226,0.47793896670740615,0.7459407264408328,0.8002125165712919,0.7913798402438702,0,47.730599396440105,16.079067495655064
37,0.7581100767394154,0.7571589017364019,0.9525830886073834,0.9581382458151817,0.9054215876210241,0.930008741413726,0.8457238058280176,0.860230875079726,0.5112285877330268,0.7558192443818118,0.8565991619658898,0.8513311068537267,0,67.31282529379662,21.65906271051971
23,0.7091408029309466,0.7052701002299665,0.8990714806716107,0.9001900064801445,0.863443326114333,0.8799738031339017,0.8302578959651573,0.8172051493532767,0.47095510949030933,0.7414530897028273,0.8238365777024533,0.8129725914788627,0,42.89976670140304,10.625676892611668
43,0.7273650045692808,0.7234104780184645,0.9476136677887708,0.9525318437432801,0.8966250340097577,0.9174667683631491,0.8475723635316088,0.8539834620374764,0.4942095829761709,0.775044140377937,0.8696529672346829,0.860013823207865,0,62.496049478326505,19.692296685735705
46,0.7514338631229043,0.7324236323044664,0.9404783684396729,0.9318036326162211,0.8926515897246676,0.9107906606481054,0.8242467239536916,0.8331214329182192,0.5029996578620696,0.7311375033033378,0.8521375437789879,0.8485566853279368,0,66.87035853275322,24.459191366617915
25,0.7445850457840522,0.7448013784333745,0.9467903798278084,0.9493588691765102,0.9136359031159466,0.9335272104476029,0.869214587666781,0.8631221010601173,0.5352420180472508,0.7675138830519539,0.840390079255589,0.8399939878234006,0,68.2448676255519,25.383815369240082
61,0.7691324209171042,0.761614004491618,0.965886057636612,0.9631708447998703,0.979056992277797,0.9857851683527148,0.899531155307383,0.8993344333370648,0.5426005047456065,0.7791703115157553,0.8859740461400842,0.8839195779590684,0,123.22625893849667,40.87226904758831
34,0.7596523945672752,0.7527531440394427,0.9205479684478544,0.9207197409067499,0.9112399216143944,0.9265957926219306,0.8175982552251072,0.8281276310436928,0.4935087824529717,0.7362301709701754,0.8482760430386043,0.8606350409251258,0,51.78925414879062,15.098719880345323
61,0.7571588526973165,0.7521924462476265,0.9397690107764783,0.9411235290602697,0.9325025558370006,0.9462520750832815,0.8789538923035379,0.8832623954769644,0.5275716037342543,0.7682322145718329,0.8858560936881616,0.8867017776287621,0,87.32021511430655,35.608303862022666
39,0.7465209661373169,0.7437980623142093,0.943355002082747,0.9413167477260568,0.9151405432137937,0.9375037393519408,0.8527773972287869,0.8549993059683917,0.502777825597729,0.7582402609754944,0.8446962074412746,0.8496033571730868,0,77.88985585766197,38.60034877704636
19,0.7239497307106085,0.7173072649149922,0.9566514957778142,0.9567925506517327,0.9212896490903754,0.9354946285602131,0.878393391604393,0.8745176692053402,0.5149582632600668,0.7940254076544807,0.8742338284028125,0.876787184349273,0,95.4435481287949,46.131859759172016
49,0.734441961381548,0.7225455871133041,0.9407306384648747,0.9446306414808024,0.9128524452400452,0.9338538961179147,0.8490630294949553,0.8402842158847805,0.5333682724450037,0.7828550321310987,0.8421048055995627,0.8476117010157254,0,63.314332845018924,18.220457097517514
36,0.7206884659150979,0.7289165897169293,0.9429080343024471,0.9413143342158615,0.9038131272418747,0.9288694069813439,0.7963702576301496,0.8085598739795601,0.49378969856234145,0.7508859171248854,0.815618364088691,0.8281134666774198,0,57.88702722036841,21.197774060028518
46,0.763755122126382,0.7732884321108959,0.9487681048933797,0.9444969523841642,0.9414481232499591,0.9535145211405291,0.8653090432245907,0.865183185985692,0.5204470718060978,0.7789209690302874,0.8490136458249695,0.8525963515464655,0,80.37543378154042,28.202105706121017
29,0.7294181031407113,0.7336203841967339,0.9087942734337843,0.9134149168441265,0.9023325277081311,0.9238731778408213,0.8266214005286274,0.848447511610186,0.5259996967337289,0.7567731653805797,0.8380864191991854,0.8287810716032747,0,54.76363838270231,22.617483776046278
33,0.773772230058722,0.7670856977199831,0.9761688327103527,0.9754591257931952,0.9374082446736962,0.9569678751870835,0.8402342057515322,0.8461641347618457,0.5015158998928131,0.7770607338370853,0.8837258239706969,0.886156492733777,0,73.6763535130047,22.791685129076516
18,0.7509176695688939,0.7360607697828567,0.9179486051525475,0.917857612302659,0.8946569422185988,0.920406086954829,0.8386479229028942,0.8511161072507716,0.4723951834489666,0.7458790135068915,0.8551036343143047,0.8632584820484315,0,58.14257409608715,20.921544318468772
53,0.7419249797380405,0.7428400448579872,0.9442427369564055,0.9430880482289891,0.9087197585686556,0.9303260253393383,0.8576027639628443,0.8651795729713971,0.554750129439818,0.8001570650676059,0.8649570407170714,0.868248843879414,0,66.10592089118852,22.57875268556733
48,0.7090041890437759,0.7206476172265455,0.9300115763612339,0.9392592206991783,0.906640631217706,0.923008618076412,0.8129060170680633,0.8302266291135986,0.4925165195967411,0.7376093591159828,0.8275810123230456,0.8341805960470378,0,62.44867004897425,25.059915742769515
47,0.7370701655453306,0.7429510864778202,0.9334457354292394,0.9306410997698822,0.9217267085281529,0.9391927619520211,0.8527189907150045,0.8588820596033913,0.5078929757496661,0.746798956398553,0.8694176560212467,0.8671693627675242,0,71.6892869306016,32.3839450640067
26,0.6933303584422359,0.7016914600346216,0.9076277115996072,0.9095091902240203,0.8910594506060301,0.9111518659655581,0.7953252961926399,0.8111223333479977,0.49721528616160376,0.7519280074889457,0.8547321186235839,0.8454635662113893,0,57.40449433635225,18.91110240044011
32,0.7469516721961128,0.7586845016622624,0.94264364554019,0.9443432870609962,0.9088402865950495,0.9327061742688789,0.8330946783369373,0.8464974743402623,0.5251790146598888,0.779104461998287,0.8489209079088896,0.8501627514903938,0,58.779476881814645,16.847071891878688
21,0.7460332281815134,0.7573330067695704,0.9382231094677078,0.9303020911327281,0.9074475547948446,0.9268905965489319,0.8545755497288695,0.8595445470258448,0.5202325740947902,0.7479424428098574,0.8563488590249668,0.8516631553580144,0,64.47084789080468,28.042144661044457
20,0.7175795884709832,0.7083528635281006,0.8846938349071088,0.8932209982458588,0.8895223652042236,0.9123288104184359,0.7974126086542552,0.7975468795093078,0.4927298058273762,0.7683078885034142,0.8275098618823027,0.8396529646324591,0,53.18582632818373,19.392138327209118
30,0.7214128194194285,0.7227132596557216,0.9437047475751867,0.9506576735238866,0.904072757505219,0.9242908493991286,0.8507112482553857,0.8556120351348984,0.5232084852756258,0.7613431410327431,0.845934596804018,0.8380479591496327,0,72.19880434112996,26.637016076527647
27,0.727069965007261,0.7284037044297371,0.9104351242216426,0.9090529922218404,0.914724831023892,0.9299616372352597,0.8535632846734695,0.8481021689639096,0.46713687527290404,0.7316036198765608,0.8384809272017688,0.831962938020064,0,57.18380777462981,18.19984648483719
18,0.7403204135524996,0.7311496916514412,0.9359534289878365,0.9299411982261079,0.9009138085318338,0.9197908340050882,0.8530007465463283,0.8681598648850579,0.484377798405275,0.7518533361753664,0.8603698827226126,0.8571543164872257,0,69.16202537268803,25.877058391000872
28,0.7182303483006985,0.7263651794173256,0.9051215117098329,0.9113328353882507,0.8772370284025467,0.9048996458067601,0.8295313724630438,0.8305953815628775,0.4852699113111161,0.7255197921931722,0.8383105299757759,0.8369152645797573,0,50.88191971227032,20.741549814188645
20,0.748416369138167,0.7374868059476682,0.9615912179820719,0.9585709050965212,0.9084875407757218,0.9218488773371679,0.8477143924669596,0.8591822469137534,0.5318297004444245,0.7667277581713726,0.8417287504362446,0.8390480667446422,0,86.53339145893307,35.488926877390476
15,0.7156501886679988,0.7279504091770304,0.948792524668967,0.9443360752566148,0.887110499053893,0.8992152169235532,0.8160545591800933,0.8088830591671187,0.4925976852307391,0.7457046341190664,0.8354973578692869,0.8274837752393632,0,68.90387299054885,30.472441095486435
48,0.7001350430998957,0.707705606926874,0.9446844414381863,0.9469394667040966,0.8990581090830699,0.9216437761224044,0.8118128392606989,0.8067057258333802,0.4804340763269528,0.7465884649709138,0.8364125795800618,0.8262107475724866,0,85.30624609660713,40.1458348428381
41,0.7715931210310517,0.7765367162591922,0.9430201813453332,0.9454958198360782,0.9366183624184258,0.9444470050862283,0.8702294590799331,0.8719082284831995,0.5181234237656712,0.7726916423917786,0.8619356295073947,0.8732429930823072,0,76.34576051427331,28.932260732921304
18,0.710179926555579,0.716021415900724,0.9039064142972018,0.9057493913958511,0.8988154853648848,0.916617309160725,0.8149942715865394,0.8152160014119719,0.4772588500093472,0.7092543988561133,0.8288371076262899,0.8274927318987116,0,64.65849127942384,33.71061008549517
15,0.7500910672823833,0.7524640982184213,0.9303190272211689,0.9243196057780191,0.9086032769056254,0.9250947659688956,0.8321958290354041,0.8340157863779332,0.4998574111878095,0.7557090265432562,0.8454213665445428,0.8508974092969412,0,61.885454468217446,21.56190566068276
41,0.7322412618343723,0.7445648477705977,0.9338786215004182,0.9342084612873115,0.9215904847332882,0.9347673953299657,0.8430692735189703,0.8574823274413916,0.49863971523778383,0.7432399097770593,0.8402220545311986,0.837822241767911,0,74.32532519679867,28.03258483448442
52,0.7277291179877977,0.742328194778174,0.9520747404602451,0.9542537902408359,0.9301569592812506,0.9453201690505529,0.8484635105497357,0.8426906530471757,0.5494738968659348,0.7913061682556729,0.8358511853321386,0.8316294091366749,0,75.51129296888597,29.554007225891148
56,0.7625557429630001,0.765737403728332,0.9614190909569929,0.9583885020289926,0.924722415500212,0.9420121028971147,0.8533768917631067,0.8402290883490037,0.5328297196866665,0.7857995116227965,0.8586624354534075,0.8576719265946051,0,74.46122440122011,26.71130642789807
65,0.7220322902516024,0.733824677885976,0.9031171558045702,0.9139410141565142,0.8971349911247822,0.9173943832876781,0.8249550180096379,0.8137925058440328,0.4767679991186442,0.741017909152863,0.8378844674025336,0.8378548755674763,0,60.4138642819719,25.559622443001306
40,0.7596428056628278,0.764207495452033,0.9499015341395196,0.9509593821321981,0.9110690006103265,0.929883407856998,0.8504382197727731,0.859334890534253,0.4994359886921611,0.7392802762994475,0.8622961144177292,0.8572282949683228,0,78.6494192162634,35.98179688673086
24,0.7300877688459281,0.7336961848825134,0.9395384529375181,0.9428672610923341,0.9430576303366661,0.9528685440048253,0.8401692359533396,0.8508667740656382,0.5024745493885443,0.7353239187288253,0.8538137468811883,0.8509195321809986,0,91.86595649802605,39.015154119821595
27,0.7127576159924841,0.707724026844091,0.9055495673834754,0.911171742214596,0.8961348427689487,0.9183261572953781,0.8359324494225402,0.8342938898784874,0.5164346626515898,0.7628310504214488,0.8475281785401548,0.8368334540520344,0,62.03240956885202,26.12694339367581
30,0.7255049272823356,0.7351311412419372,0.9490097469556497,0.9464518993327884,0.8915442317879242,0.9115423363598831,0.8332970649805631,0.8335800718331077,0.48463778302362154,0.7603135461706131,0.8675402173513488,0.8644170838728827,0,65.78568210775427,20.711862351507364
17,0.7140580507733011,0.7058520683673196,0.9244941381064311,0.9222542267974037,0.9035645195483659,0.9287045393802864,0.8336125645448501,0.8403166717184597,0.4892564586376604,0.7347710824917131,0.8070354245904777,0.8112564993501673,0,54.713876279256404,16.753795903574485
33,0.7753510368206441,0.776191337989474,0.9773182703569755,0.9748713233086753,0.9552093787132168,0.9607822333162956,0.8384124872439636,0.8337515886770612,0.5282158217946412,0.7836286386579034,0.8935518490578197,0.9012189342190655,0,121.89757172086928,47.40909890901056
23,0.7343552805805508,0.7338486223180495,0.9340190054990407,0.9332085022718744,0.8917616791820253,0.910424833372174,0.8555227195747515,0.8477520772213935,0.5034867046306849,0.7494439289748523,0.8189868375996258,0.8309310731512684,0,57.52645463488275,18.49308207621034
61,0.7269612570940142,0.741215527523161,0.946564181661978,0.9473122204617767,0.9166823384997146,0.9341411992696113,0.8713638816719323,0.8726466684342713,0.524405941080031,0.7997579466725145,0.8758063633382582,0.8645260080294856,0,74.35778113215677,30.940803898366816
71,0.7501393227585993,0.768731773465717,0.9443830268767153,0.9431710690080003,0.9442240295259462,0.9521561745401846,0.8701705769668321,0.870273406734011,0.549387337160638,0.7913689482141334,0.878860198782754,0.8741797760792414,0,75.1695516418629,31.545310501621497
35,0.7245953777600338,0.7273989589350375,0.9454301194427056,0.9423447360655502,0.9264411804052172,0.9455811321050082,0.8305060524547269,0.8323276723380861,0.4810724567030447,0.7538091043705046,0.8588859758464763,0.8511712138647681,0,68.1889123678932,23.357120478519168
20,0.7385924343807463,0.7391812970828544,0.9105061349870369,0.9163260923719172,0.9013506033611789,0.9175002994706952,0.8598107031343599,0.8571402151950722,0.49861213397479515,0.7685542662424741,0.8389870923593816,0.8391348417399318,0,65.5270317335209,31.504026408840126
10,0.7640433077803932,0.763398941404358,0.9450708767141046,0.9442516728939115,0.9187518199503687,0.9400440758262028,0.8543165318580465,0.8654627530548392,0.5244167811553149,0.7763382438239134,0.8611585167990423,0.8666320024023467,0,73.14114382471477,24.717289329377778
27,0.7550067160432115,0.7396772931636727,0.913906494780455,0.9173424423989778,0.8862208228880976,0.9243442204558833,0.8502184773846838,0.8511757077100587,0.5078269592497944,0.744177971355869,0.8331803119577414,0.8421626999269897,0,52.44565332039952,15.691491628238392
27,0.7266845430511626,0.7165469265573711,0.9201392049514612,0.9205378258496836,0.874079063839971,0.9070227045188478,0.8349889631507849,0.8476871010997896,0.4995963874505209,0.7512386492938342,0.8123997437897276,0.8126683146517475,0,54.78787556967084,23.43601405284677
22,0.7217805767920548,0.7169028883024733,0.888288698533631,0.8859406840873325,0.8870243455340971,0.9137198764515974,0.8178664902097981,0.8186246199262768,0.5065047469419065,0.7481391162670614,0.8278910696080352,0.8244460023780921,0,49.756183820140706,16.498587039548596
56,0.7424787957865535,0.7315655100425477,0.926029384997711,0.9291908107955699,0.908956313067879,0.936138511672804,0.831044472064137,0.8347186672234768,0.5126387961261007,0.7734555831073335,0.8558578437331953,0.8518624798077297,0,58.925957835409854,20.48877973914065
31,0.7591195944587159,0.7675356346420918,0.9570753623910958,0.9521486989561505,0.9234221881401868,0.934646871983086,0.8511318101112254,0.8405437218124141,0.5108584133835752,0.7678063792896265,0.8652813318017528,0.8652726306295028,0,68.26912468879809,24.89257324278499
18,0.7501756421734763,0.7571457424197419,0.9314165530092753,0.9310111408301375,0.9035160316254225,0.931860988334429,0.83234620287951,0.8454246557886711,0.5003324212433788,0.7676994385717336,0.8480891604272454,0.8549123652642906,0,61.880367301902005,26.104107214322003
42,0.7666526497554114,0.7783677089222404,0.95154412070793,0.9486977783449955,0.9335962619561302,0.9510217224530183,0.8990206965696897,0.8879456408481937,0.5501188268434661,0.7986863339886593,0.868182149354304,0.8808760353184655,0,76.04474908638018,31.240035078084773
40,0.7400015363766342,0.7459953312077492,0.951148350222332,0.9521981014623767,0.9053464392168353,0.9308792076264095,0.8314992414769502,0.835251858801099,0.5220247822998045,0.7630423678428037,0.8527155116642018,0.8553808180560234,0,63.64273709369737,20.97234513363868
29,0.7364454914505976,0.7492867365403785,0.9328793055758202,0.932950717836356,0.9339401754677303,0.9472936446800191,0.8232060464614688,0.8160244342842299,0.4899416242260037,0.7457170788804032,0.8687311949558534,0.8631397874506902,0,57.792180296934085,18.211787213924485
56,0.7438238123585009,0.7535606212313682,0.9490374259174985,0.9490770302864837,0.8934933778511224,0.9137469908166269,0.8390783202746852,0.8338325995447003,0.5139631698740063,0.7605779133517125,0.8721965715063718,0.8727143356940349,0,66.04394910311701,23.98557854073209
40,0.7316733111313205,0.7520687817805145,0.9451435085129728,0.9435160781636083,0.8952563400992715,0.9100089830872096,0.8669509652173135,0.868574536597061,0.5227600654392036,0.768160514418475,0.842031808701131,0.8499019719100847,0,64.12162402082072,30.088356176978728
28,0.7783493906244884,0.7771924693916665,0.9612899636600927,0.958529470602923,0.9221456806899061,0.938694233561244,0.8621859387408911,0.8555784666613776,0.515415259318729,0.7582228859208662,0.8820431043661802,0.8697297548332552,0,81.64594090350147,30.82798447758585
43,0.709330661405295,0.7181194520954411,0.9218823729673864,0.9234717520483123,0.9319639680083274,0.944144793192137,0.857679814947292,0.8546229057037481,0.48440667547356525,0.7683300555990621,0.8503084039041436,0.8510116674078905,0,64.96758389391229,32.036378728042195
35,0.7611821560581271,0.769666878857788,0.9413441118022289,0.9428470793095804,0.940342796498629,0.9541282638290746,0.8385221831821431,0.849151520197685,0.5296884151001715,0.7716969582721447,0.852383475959088,0.8550708581436289,0,67.42506023473516,22.62411205493606
24,0.7504923512250636,0.7522981071619955,0.9479468188550086,0.9519961717908314,0.9327066533481831,0.9539611734391834,0.8241201313129711,0.8296521391659432,0.4926777412132187,0.7396874947689448,0.8434104635713031,0.8459031916965136,0,64.5465173835641,24.558337000399472
