uncompleted_cases,Resource 9,Resource 10,total_reward,mean_cycle_time,std_cycle_time
0,0.5345561249444143,0.7651511842158338,0,5.936599347205249,5.466531597404047
2,0.5007002982354771,0.7609343470416209,0,6.452476475877,6.640365211890052
0,0.5247757794762482,0.7386040862132967,0,5.609536082394531,5.4887658402181305
1,0.5290830048555348,0.7640647926078831,0,6.283965690211819,6.369933341544399
5,0.5304986681836775,0.7808319345083514,0,6.761475906163311,6.720553658668233
0,0.5317211384397607,0.7636139200165382,0,5.701653054697957,5.226116486835951
5,0.4807961979509645,0.7498987375412244,0,5.265290837182603,4.8186816034675966
0,0.5507490262081624,0.7802223138558468,0,6.296434591902964,5.4105248282643545
3,0.46215442839988263,0.6939524050822099,0,4.97950504849964,4.468793704757505
6,0.4720175013480141,0.7308658879628359,0,5.162503992646757,4.529315367333459
5,0.5135951643619111,0.7311947737670783,0,5.431464476293819,5.272923212829617
1,0.5568646128008635,0.774021924290819,0,6.089600120959306,5.200144792709039
6,0.5139713139302703,0.7701748509440035,0,6.820014675169953,6.8127653867592795
2,0.5033937438465051,0.7552918871219194,0,5.880730511952132,5.445810925530478
6,0.5218250890631471,0.7424329384239686,0,5.8968631236542315,5.723558056684143
6,0.48866419490265145,0.7612548710494075,0,6.3206062192270664,5.972361774090917
2,0.4910121084720618,0.7202986610197918,0,5.259963701376231,5.468960272340146
0,0.5444651550340902,0.7372700786595291,0,6.0427333333844695,5.6898749579343955
6,0.507393194326106,0.7468510303628972,0,6.066125237195197,6.767775951690382
1,0.5047504581235772,0.7614469008180129,0,6.330001770365067,6.195558927783175
4,0.5250321737320099,0.7661176767797683,0,6.147782986340761,5.723079470742112
4,0.5147360447257648,0.7693728868314789,0,6.257039919278817,6.077770326715181
1,0.4970783670738371,0.7323338559731253,0,5.379939767480506,5.104616443644809
4,0.5186366650452112,0.7645835558573537,0,5.7992744281375375,5.414546889003108
3,0.5007853138570161,0.7723451605677348,0,6.188637326910259,5.692375691086089
1,0.4943301435954463,0.7342735305403938,0,5.7101000469716094,5.802337812206999
0,0.5059310586074935,0.7381272836219942,0,5.783290676371243,6.007710045116721
4,0.5099375649317948,0.7653797073203358,0,6.3707427862961055,6.379634600029994
7,0.5288110311980014,0.7765805695869819,0,5.58364204095941,4.856001736746672
0,0.49456763711567203,0.718187235305161,0,5.177920829167063,5.244748086585161
8,0.5135802918270318,0.7585403806535899,0,5.33470166089466,4.457496694042667
4,0.5530136947785349,0.7845567322501814,0,6.7051272210822965,6.595598528456815
5,0.5306298877675703,0.7957706185694582,0,6.227292987948484,6.101637895453897
2,0.5482053958782699,0.8038063391594839,0,7.225350593205969,6.999718015491045
2,0.5008368920241563,0.7363039825086647,0,5.374582165135115,5.1313094002843735
6,0.48891804001572425,0.7517950387516115,0,5.71918575755617,5.590023799036069
6,0.4742934272894054,0.7288302917725229,0,5.100486320214618,4.787399542123821
0,0.49421315515117387,0.7373354432385276,0,5.533765197950985,5.371442516433468
1,0.4794512643041643,0.7344322661276906,0,5.202488674197943,4.924036576627653
6,0.5181361831499295,0.7860390254830353,0,6.562083662604655,6.459241044064821
1,0.5148854073017659,0.7716338651289576,0,5.757151550216253,5.004000613743668
4,0.5036976738744003,0.743558038088812,0,6.175552144042825,6.60863720100974
0,0.5214770927027053,0.7469547230127056,0,5.539897921285841,5.552559779959589
2,0.5419766126638028,0.7951391100419766,0,6.6862236425570565,6.376723896336149
1,0.5184102668048327,0.7728805204067974,0,6.244076411209707,6.117990703821488
1,0.5081767899871227,0.7452293390931678,0,5.828899014003409,5.743500209384564
3,0.5285154532716247,0.7524414736254337,0,6.02850337575669,5.637935612936718
0,0.5042932650587568,0.7294458488403202,0,5.234603860369188,4.885103502869599
5,0.5305013849438321,0.7593430571388053,0,6.119203293539409,6.174433451914363
0,0.5143843821728403,0.7500647057293445,0,6.073586461383767,5.831464829417989
4,0.5598148079734402,0.8018243496275184,0,7.831757817071512,8.285482993346976
4,0.5452910748212257,0.7806354656657072,0,6.441808684917934,6.1753525872953166
7,0.539330653351626,0.7633589295314123,0,5.9019522765353924,5.044168551980837
2,0.49342091453546316,0.7281988810123166,0,5.671951851526263,5.212660264797364
3,0.5400313645010704,0.7909100041173472,0,6.959157420311601,6.305959079070537
1,0.4954896128766177,0.7732342128944419,0,6.014187835297059,5.817086853984847
10,0.5036859528707414,0.7276005625174136,0,5.441757247796842,5.017265508255899
3,0.5280528560940163,0.7787650105196043,0,6.24796858147402,5.8005279778432755
8,0.5052548461321822,0.7348697227121768,0,5.3083990695147625,4.901485214141878
7,0.5148979010594206,0.741216831889705,0,5.341500454142588,4.925366742461191
3,0.5317850930069193,0.7640260375339978,0,6.196800873628451,5.90170513903433
3,0.46578235116160194,0.7295252913885126,0,5.3036055034357705,4.73003412585578
7,0.5004869668082191,0.7589786095105161,0,6.066752957353716,5.6018681987270265
1,0.5010988139023247,0.7920877115417008,0,5.506371410778541,4.703491961483185
6,0.5057848368944041,0.7514213903528858,0,5.622411457080067,5.4616221766780395
6,0.5323300874069893,0.7870356875078341,0,6.051587892830179,5.3396198041188
1,0.5377394769978112,0.7631018899571386,0,5.839219801928477,5.047674030215267
2,0.5266323840918752,0.7786649667754267,0,6.0628145982675266,6.217152121244909
2,0.5246299408945041,0.7893574718898164,0,6.486287577642726,6.559714966996241
0,0.5040597906173075,0.7716830154562311,0,5.7818622669158035,5.352216859510208
0,0.5091911703845481,0.736710738006791,0,5.404985339481986,5.059426789985624
0,0.494129032915065,0.7581828969666948,0,5.475209956635927,4.902460130691552
2,0.5320700407470149,0.7622001201185864,0,6.118061616115335,5.6344961904344935
2,0.5345150729249795,0.7763234253497112,0,6.635895448449078,6.602386088439651
1,0.48389744973960386,0.7520186953635043,0,5.8888080474993725,6.043651462115589
2,0.5117779731762998,0.7745270642250661,0,5.9847846237947415,5.661496003179068
6,0.5290525279075344,0.7832381127465571,0,6.155713374261974,5.648810832759284
4,0.49331976463027005,0.7468008448187876,0,5.878701585401848,5.62773464490506
2,0.5065328913399321,0.7729216577094783,0,5.664825160750615,5.287365288768338
2,0.4940936697517168,0.7379708966615933,0,6.773765409050029,8.926919209375495
0,0.5165654410742895,0.7464412692077672,0,5.6180562080327245,5.698550958415414
12,0.5166341632577761,0.7662989242926975,0,5.873813491066424,5.612775130746796
3,0.4877651553088577,0.7348287987559314,0,5.326496832551236,4.936827102296377
2,0.4648971718149221,0.7180831239376085,0,5.116223702677565,5.005015841206914
0,0.5251979134061132,0.7705500736901838,0,6.230827329002766,5.571954985484859
5,0.5083048109513968,0.7375042002312038,0,5.116241619703928,4.747233352522086
4,0.5429209345513332,0.7740020123499314,0,6.753159517571101,6.397304483751619
4,0.517964418449184,0.742405873168016,0,5.473524994159576,5.018548514259743
1,0.5263552550669208,0.757130096648309,0,6.059633419059013,5.651348704171888
0,0.464275071861971,0.7393836195764282,0,5.759870458753692,6.379854405036144
1,0.5477518906031386,0.7401473890218532,0,5.656935297326299,5.493384576227058
3,0.47211132690022695,0.7235128815123354,0,5.220295740338931,5.136846600950951
3,0.46267648488362345,0.7228634693070656,0,4.826380122914736,4.377073413238925
7,0.5138986292741261,0.7894579079256311,0,6.623550917476013,6.380719386477012
0,0.520242084479733,0.7581565056845128,0,5.371661305881842,4.660062205802217
2,0.5207232768356461,0.745587629941319,0,5.77117040596454,5.358362897790907
5,0.5033713629361195,0.7319613244981671,0,5.48800799148669,5.177987967082795
4,0.478966715671165,0.750364367771002,0,5.4927114290352925,5.16407104824992
5,0.5489556101077826,0.7804628825356278,0,7.474678574153818,7.664961503576219
6,0.5306132654974496,0.7545850636014118,0,6.281297090744056,6.40891497831654
