uncompleted_cases,Resource 9,Resource 10,total_reward,mean_cycle_time,std_cycle_time
4,0.46150610823879906,0.7932940615575322,0,6.6097213675796604,7.275512111365971
0,0.48452812370318915,0.8032437238971174,0,5.946634003063479,5.807437073342509
1,0.4450708553654756,0.7899979235728187,0,6.297633012405554,6.908928818583377
3,0.486669670646218,0.7845921264784317,0,6.7537193289650626,8.803385851217568
0,0.4570387377381305,0.7677059518186929,0,5.8653870491270155,6.464337059764566
2,0.4661788825372121,0.7993699751709826,0,5.697653404841161,5.809910282740755
9,0.42141620577241884,0.7565800608238428,0,5.343287557365957,5.735104173516749
7,0.4682545705093273,0.792554309269383,0,6.307522004522533,7.078359494373325
3,0.47431854951883834,0.8036610941702937,0,7.1179554444668245,8.41488290714757
4,0.4660582774542615,0.7942811431485726,0,6.779522726403888,7.649058208545771
4,0.48852818861590547,0.8044244162497891,0,6.517676439712546,6.838602415427367
5,0.4472511535960126,0.7782475946386711,0,6.053935094548991,6.865900751001086
4,0.4557369981423481,0.8008603169630168,0,6.277322812478344,6.547003915770065
11,0.467206582782665,0.7695850491103132,0,5.854440634389016,5.6367172478818395
6,0.48739042370567476,0.823667500727954,0,7.876607477373166,9.44630554344167
4,0.4848817258550656,0.7959951708038147,0,6.629219353829969,7.142181689369419
1,0.4715733787913741,0.8020754602415706,0,5.962198669315924,6.364395040224218
2,0.44307816844734277,0.7871823832610302,0,5.665488420235574,5.7961918925877915
0,0.45603412479418065,0.7775771144912523,0,5.947783551336101,6.74332750878306
1,0.45103794350074794,0.7752330585111372,0,6.710857285681427,8.246340785605282
2,0.46364140944581395,0.7863805478565965,0,5.70375241023182,5.693954160981497
3,0.4696455695961932,0.7710577805136115,0,6.028838975561241,6.50028468412675
1,0.4513379734752665,0.7565953400786138,0,6.163933761148216,7.733007739447293
2,0.49944795627204713,0.8126006965897774,0,7.935542259144528,10.599861785911095
9,0.5244981695174551,0.8181942504636996,0,7.254057988633103,7.57993028272922
2,0.47777535420307005,0.7959704313571725,0,6.051803344298798,6.5631392493033
1,0.4588743596010552,0.7714678542438869,0,5.224238655328297,5.389156404680308
3,0.4147033249104904,0.7429875180251789,0,4.876838285771565,4.642216963962046
6,0.4735800992585576,0.7947386661600075,0,5.534400956342958,5.67449117245588
1,0.4912894862070492,0.7727097750566433,0,6.323170609748434,7.093942437250196
8,0.49306009951379165,0.8125462580369234,0,6.889295983916137,8.176751193926492
1,0.4578467223450788,0.7688122264473363,0,6.096731302652815,6.37119916353614
9,0.4827997048436431,0.7893329758821197,0,5.741007930698294,5.878166368488459
12,0.4639489576445265,0.7845426904238985,0,5.942448050293589,6.200655650253552
8,0.4514681684491745,0.7638952470334601,0,5.81632927727973,6.3455336218931455
3,0.45636510459475665,0.7925589541606077,0,5.773080304995648,5.4508602527803545
1,0.4793132409300306,0.7910713416161227,0,6.496544369178736,7.583554186048522
1,0.4435557059137843,0.7837690525467822,0,7.1908475264367375,9.241211926071859
3,0.4793239979834418,0.8099012930212195,0,6.1045875298001,6.198741821106834
2,0.4762155342879572,0.785025171911869,0,5.8172112082858645,5.45996687686184
3,0.4823966986200185,0.7808889811007816,0,6.048128972707894,6.432410666209046
4,0.47086211970089653,0.8059550377019956,0,7.07985290130037,7.709977390952774
1,0.43805201975198776,0.7642174320828306,0,5.207404969166934,5.33736390912997
6,0.5187691049401705,0.8152786789484597,0,6.604993545155431,7.308720300004486
8,0.5011869680826946,0.8086684253477402,0,7.721752120324719,9.149467140640532
5,0.45776394994300806,0.776022297692347,0,6.007756030743476,6.550818660175822
3,0.4608182318437182,0.8022372224178175,0,6.292175377901585,7.142525661029545
7,0.48538124605775546,0.8088227810832566,0,6.0651661875118865,6.6862346863369675
4,0.4534970777803038,0.7703147869504882,0,5.7060177570033055,6.079904041835105
0,0.4459573503216696,0.7751569201156019,0,5.982894303060068,6.6177199901009205
2,0.49419079414681655,0.789468632292694,0,6.093577647101734,6.9381785391408775
0,0.4825764269640851,0.8057614771028836,0,6.345418750236324,7.266353814143306
3,0.42602508185706195,0.7415148146181574,0,4.8915770552474935,4.602590691573864
2,0.4166544079963538,0.7586998548201185,0,5.068248239885684,5.158587949583609
3,0.4682155640422779,0.759634033586792,0,5.382351659566382,5.546675303743551
3,0.47805403781487465,0.8096561885581726,0,6.479098127154394,7.4530238680503
2,0.4354452679207765,0.771428663691984,0,5.5107436431088015,5.722489727141959
1,0.444389104587801,0.7487459797178834,0,5.60702209245361,6.17419231934657
1,0.4474518111470983,0.7676205633281444,0,5.496413797123847,5.811767101211987
4,0.5164448305295922,0.7903956628977544,0,6.902610438169834,8.48090363694259
9,0.47363775098126215,0.7865520342645572,0,6.304496641736955,6.765299002083678
4,0.4734615282055768,0.7970624701612742,0,6.120334698871043,6.20677448225992
3,0.47030413576204366,0.7716467321598969,0,7.105644145183054,9.258318931271226
5,0.44715214177287016,0.781740395534474,0,6.293432543282409,7.09900213644249
3,0.46327447397855104,0.7979234191136884,0,6.599154188628832,7.230063594780527
6,0.5176172834690047,0.7855383060385374,0,7.102169185553108,9.092293644622274
1,0.5104955016357445,0.8295436727684884,0,7.831935613562936,9.228100923865005
8,0.48519710260474685,0.8200618003603842,0,6.819037684503375,7.533142658376229
3,0.4961517991446811,0.7846095657849551,0,7.704825139328235,11.464419731799474
3,0.46006058725636184,0.7816193684400554,0,5.9550618698920355,6.612061345694742
1,0.47595604723020635,0.8192323794644837,0,6.430325974850915,6.599214007379492
6,0.46002772276234843,0.8015454270612872,0,6.373354797262364,6.79131972297664
2,0.446401112500011,0.782045840084558,0,6.2499336438519775,7.0733754726060205
7,0.4757636167875029,0.8242638000421499,0,7.424564408400908,8.224497431750748
1,0.4793558301447571,0.802989925964247,0,6.359098917796714,6.572267145824584
0,0.4681867512892797,0.8037382815369226,0,6.110719615915821,6.3075016365504935
2,0.47127566712147273,0.7993977520435462,0,6.4331354219777825,7.353299345532759
2,0.5105347975454628,0.820382091136226,0,7.165122476200134,7.595225030705823
4,0.44204298206846016,0.7579069660549147,0,5.148198342709164,5.629341148497416
3,0.4925296895424092,0.7863140259041448,0,6.487032870278606,6.927769018813798
12,0.4749243251049219,0.8192404733892338,0,8.429929794452573,10.144474135800182
2,0.47137503888423415,0.7972188107580306,0,7.310209802942161,8.969574334412
4,0.46152554979061733,0.7845608174786372,0,5.718873573780848,6.005555115167529
1,0.4669284049029591,0.7888328805587285,0,6.026432300413292,6.706799288544808
1,0.444517631026006,0.7750745047588657,0,6.623750517421426,8.194520318562953
3,0.4474567218051562,0.7627297339799642,0,5.808546557807842,6.322134859583132
4,0.43814493633754753,0.7484564150471364,0,6.356084949809997,7.982911562027758
6,0.45936315997038984,0.785317430324795,0,6.931016555871863,8.791522723635836
15,0.46035933176361216,0.7783235105423114,0,6.351443262211574,7.293240701932621
5,0.4963089413298747,0.8118138527654005,0,7.0695763156265405,8.19829131519337
2,0.44920638760499015,0.7736754517198805,0,5.526550599494209,5.514495434444067
9,0.41039797641043413,0.7432689045746915,0,5.1758021045285245,5.605510532618596
3,0.44788154096567867,0.7552551185312183,0,5.115490998128467,5.019297783204787
0,0.47300492759215,0.7677058776905836,0,6.438894165704929,7.71607414323408
1,0.43514935465305515,0.7482248700792834,0,5.882091492426622,7.164876862626353
7,0.46796435331114444,0.7891751704365718,0,5.944660654470356,6.402040213256758
5,0.4680771628278516,0.8056946583646488,0,7.556448109793382,8.741813402430138
0,0.43547404992372357,0.7688590354761553,0,6.061803581128761,7.455218357878156
8,0.4585930565290407,0.7592473985191376,0,5.1196003053525825,5.248815024673242
5,0.48741139996972543,0.826042556413909,0,7.652594144674299,8.967081461047357
