uncompleted_cases,Resource 11,Resource 12,total_reward,mean_cycle_time,std_cycle_time
4,0.8538231855506783,0.8433796974826706,0,13.253233563148187,13.042379755418903
0,0.8573583634483024,0.8488643302176575,0,10.22360583773188,7.35925224175407
4,0.8690492603024601,0.8646885829426058,0,11.395084779325845,9.27000313287054
7,0.8197084088910409,0.8049518552889272,0,10.027747433554898,9.40924372083114
1,0.8948435922780144,0.8850704485328368,0,13.517995221636548,12.155686242990553
2,0.8826849021629136,0.8853437492064008,0,14.749138122305892,12.051515536999435
2,0.8334996295103725,0.8355697460820997,0,8.207162242729563,6.246529965819957
4,0.8268037651009194,0.8208270451973929,0,9.470045226373097,8.505596309286496
15,0.8661369005468832,0.8617297418659473,0,13.371886823683521,11.242618420058328
17,0.8395401687448095,0.8334963066606659,0,11.621518239336876,11.196468101213009
28,0.8327389313370211,0.8253014309905108,0,11.96816082917528,14.06427265111628
3,0.8847750702312147,0.886930597455134,0,13.294395617368078,10.468980323037657
1,0.8560929203295762,0.8470031907970346,0,11.757574544522102,9.494652708638538
17,0.8556700108864865,0.8511313283012342,0,10.379105372981131,9.35129656554586
6,0.8686248332846022,0.8630888221619183,0,12.852658048955975,10.044276522037846
2,0.8646593432834883,0.8516655904383997,0,11.000580919524287,9.218396762102198
5,0.825063518392844,0.8229242544145231,0,11.048107076362355,10.840393898742523
11,0.8279332815734155,0.8332712327501276,0,9.640093226305478,8.004033976125516
26,0.8480771091005994,0.8447679678980748,0,12.700815230318243,12.851671812201323
14,0.8513672933496873,0.8621861779830134,0,10.892032617337847,9.596521824579895
8,0.8291147948016098,0.8238001799426725,0,12.443268998217084,13.865515726771305
0,0.8652441047258984,0.8631347120783572,0,13.992476708869058,12.412314792239822
2,0.8742425335824872,0.8613402870531045,0,12.468255649770475,11.403377710886263
4,0.8606158636957137,0.8628794014597061,0,10.120689822809036,7.880154244084826
2,0.8243903135952889,0.8286732144338963,0,11.614555844079423,12.185174054282378
21,0.8549519212942022,0.8602364540233685,0,8.911511293819867,7.0044946657175835
4,0.8501246746535633,0.8465031805130453,0,10.15284923383261,8.591300892374852
4,0.8623666844020489,0.8450267404784633,0,11.276031931499318,9.772102756963292
1,0.8156794129898995,0.8180093191566311,0,8.410454083889189,7.589485813300415
4,0.8395981009628242,0.8431993108833676,0,16.201038629359577,15.676975944164655
3,0.8692730712637016,0.8675372270763426,0,12.548132708228149,11.576347569759262
3,0.8489174719301249,0.8439719119139216,0,10.603336381032554,10.211070148179184
3,0.8369595212945203,0.8297344252419369,0,11.362006784266217,10.557787987567735
0,0.8598019441889806,0.8500807574579327,0,11.20695569410973,9.66731251020148
5,0.8413863457840098,0.8385909756298945,0,9.16463451328937,7.273015573021052
1,0.8776576720010233,0.8815014084978328,0,14.627378222991158,13.105624221650995
4,0.8654133168900334,0.8622741863827701,0,12.167631708559144,10.551513968050667
21,0.8305748612224155,0.8368406961357201,0,11.382745548270245,9.459684426630789
1,0.8426414497317002,0.8481183544017272,0,10.368339267821998,8.263745440129622
7,0.8719497744648814,0.8680890298486303,0,12.24009546491892,10.385925511541762
0,0.834463102792708,0.8357825184795087,0,12.577806870946434,11.76573717176734
5,0.8342136127759537,0.8331515468417751,0,10.557298156461375,10.371956223584915
3,0.8669051984349444,0.8555412726279094,0,11.310009004740792,10.130213680321626
2,0.8774034068741207,0.8702253524027991,0,13.184623161131906,10.52775371356944
5,0.8589329348948157,0.8628224765773921,0,10.397427410882308,8.822317437238343
5,0.8016343702602894,0.7982815726482395,0,8.002825605544675,6.443750837713121
7,0.8890989023682456,0.8935562638646419,0,12.045971434500906,9.601975493162998
1,0.8761520193851564,0.872070010738762,0,13.667968810425364,11.927580901659113
5,0.8303117677990336,0.8225559109816715,0,9.18885057871446,8.489468915928837
4,0.8772318690401398,0.8762823836609736,0,14.794209365823823,12.226565347172986
7,0.8304219422556657,0.8320996287189033,0,10.091764067810676,9.247266432251573
10,0.8455602247027666,0.840565591193338,0,9.642099618450493,7.598687398707837
0,0.8611337779989972,0.8587466878028465,0,14.280021530332766,13.861424570174323
6,0.8594021435982295,0.8619834306563906,0,9.998041492304942,7.952073607171848
13,0.8794106045565863,0.8790759918750447,0,12.748566992212407,10.194626764482848
5,0.8376484932342916,0.8344624624404405,0,10.25991851611047,8.908720345838224
5,0.8880603306922027,0.8823670546845491,0,18.019577512138937,15.682975847420442
3,0.8351373065727589,0.8383236670705886,0,9.897166727895993,8.470752494526225
2,0.8327981693507079,0.8421370857079808,0,11.241891740497813,10.36609977871586
1,0.8474480885157102,0.8481094861034302,0,12.409525796638693,10.685085495136578
0,0.8363213049958933,0.8455640182353517,0,8.67343220544382,6.700568696032154
4,0.8545383177392488,0.8489629628369033,0,10.686167557935965,9.613843024002486
7,0.8509457640554032,0.8528237786744587,0,11.977046207821672,10.878967803635769
17,0.8643161178797056,0.8621111487943166,0,10.914342464683534,9.26545954627439
3,0.8800173196767218,0.8794827422115679,0,13.057531957949037,11.245609476631795
2,0.8543417886531972,0.8453728929699013,0,10.8309133841649,8.339547960854182
5,0.8299130600970204,0.8280284435151875,0,11.024567665303335,11.460027681336353
3,0.818494169989739,0.8283638431133268,0,8.57518946506688,7.197123240492613
3,0.8417190091823747,0.8431455659850077,0,10.972271476657205,9.417791164282923
5,0.8575770238840278,0.8491596870447494,0,11.391733733312954,9.781318331883067
1,0.8431674886920737,0.8296760818108465,0,10.230246479164796,8.952998315956435
9,0.850827557776743,0.844328361358811,0,10.87750958710892,8.99616649199272
21,0.8600747978798263,0.8513833143678379,0,10.919830938423239,8.953780554483021
1,0.8571001420422822,0.8520178153362613,0,10.140366817540754,7.971679574862892
2,0.8321991021231292,0.8319410449580364,0,12.130677427548987,13.30748595873459
4,0.8731459682043091,0.8804728648290642,0,16.28302461229881,14.644069173417341
6,0.8565341310424632,0.8529529950456879,0,11.561433943708797,9.47664095234698
2,0.8995023993171937,0.8997251598900949,0,14.782671827262595,12.516782023518042
1,0.8581569921847704,0.8552576416443848,0,12.298505541889307,12.999472105720907
14,0.8350409006629858,0.8228653893951173,0,9.220601260049692,7.237590040259858
11,0.8509964279327638,0.8594332967258727,0,10.02555918358473,8.645064427122866
1,0.8405470535748364,0.82895605070146,0,9.72018638079006,7.833706714319975
2,0.8384444190360629,0.8295243553938749,0,8.997444187910945,8.034966883143728
1,0.8301496546813374,0.8301644287300721,0,9.497582459728887,8.29306527161022
1,0.8544846709655689,0.8490040419950011,0,12.318396075718548,12.131730311158204
8,0.8326010967438151,0.8345885552240472,0,9.441661520813112,8.638690606123104
2,0.8372444674402408,0.8240631956718145,0,8.415261302775209,5.794670569587592
2,0.8549134866950011,0.8561288066307438,0,13.318653561082591,11.954400956171407
7,0.8848952201117578,0.8844030937678008,0,11.978357677298003,9.263351366598915
0,0.8632825373764613,0.851984465782316,0,9.426738243486021,7.267276983614159
1,0.8273662405924704,0.8253593915709009,0,9.532132252086766,8.444858007333586
5,0.8372341683513954,0.8279427243594413,0,8.602242172401887,6.225220310713013
8,0.8885388279765178,0.8843959555254122,0,14.208170434448245,11.013202873076047
3,0.8356904914151057,0.8262254381787268,0,8.500185441799067,6.528846043321299
6,0.8467106952379412,0.844000381481323,0,14.195015000349438,16.031419680634798
4,0.8211674934526981,0.82077823881753,0,8.482065487842823,7.274358859514856
2,0.8466233654271625,0.8383339199475744,0,12.000276146784842,13.332137428386961
2,0.870886267995179,0.871843543704002,0,12.33349820973778,10.120390595062272
2,0.855103179442467,0.8567651494354405,0,9.253711607473221,7.256370582561475
0,0.8259845670023341,0.8270230548604868,0,8.803584206140371,7.437901098689464
