uncompleted_cases,Resource 1,Resource 2,Resource 3,Resource 4,Resource 5,Resource 6,Resource 7,Resource 8,Resource 9,Resource 10,Resource 11,Resource 12,total_reward,mean_cycle_time,std_cycle_time
5,0.7464821741914115,0.750501342870305,0.8939760743674958,0.9057392092289114,0.8905982241236031,0.8484080479038035,0.829328292887714,0.8130975284607018,0.4664459902177909,0.7633047875440587,0.8604206448080962,0.844903675599534,0,22.550095172876425,13.620705623510629
19,0.7219673513220596,0.6946432933277242,0.8819113927549819,0.8790678591189066,0.8507428622353573,0.8103597981500159,0.8071545180743726,0.7887734668963413,0.4806363382631662,0.7581518795907201,0.8204901875843034,0.8130594954438518,0,17.76712382974182,10.158033179836396
5,0.765897450351622,0.760838617153014,0.9508685135923505,0.9484502753444649,0.910351303701709,0.8851544334523104,0.8446808169850035,0.8358651718254995,0.4887674651811236,0.7883202299608139,0.8822817411004755,0.8697327797697977,0,23.400705049814977,12.268973024915697
2,0.746257747233793,0.7285252451837112,0.9207939911522109,0.9269126750341246,0.8694040768788968,0.8410122080241197,0.8419983077858706,0.8290453747933411,0.480136405805427,0.7500929688819853,0.8300436652558314,0.8246946572998948,0,21.192613020537184,12.781175751965854
12,0.7331583248253539,0.7334742534071246,0.8942955275010932,0.8914878757209994,0.8700613842822755,0.8386342053141663,0.8360020848198132,0.8058342862218252,0.47645375970091625,0.7502841547033829,0.8394537466222071,0.824626942730275,0,18.410800079062113,10.05524464965353
3,0.7250119843772274,0.7270442966974117,0.8911568762895314,0.902546168380512,0.8498582824291785,0.8253785661863084,0.8080992442977046,0.7965375845652195,0.4556463762479957,0.7563439480458959,0.8121803698036275,0.80225294403545,0,17.87347749760644,10.877033384661035
6,0.7385144196182868,0.7424132426114376,0.884916900765274,0.8917202349462641,0.8802153305320124,0.8407443843777012,0.8220335242827123,0.8091035340528676,0.44007356105549433,0.7464479602563643,0.851616180783414,0.844304166696984,0,18.120622240697635,10.931530636066867
15,0.7660423054832134,0.760343829247905,0.9255006044030066,0.9354156051638806,0.9026710751196004,0.8735657396668998,0.8551624818155645,0.8486914561495882,0.5102798788350402,0.7761548164682149,0.8401727684244875,0.837281124763927,0,25.169124840971058,16.265700463817513
27,0.7780447033276069,0.7684316391078025,0.9209641213765406,0.9280219356067919,0.8966527724612698,0.8708996200912519,0.8762359358633482,0.8683109875229382,0.4767330864102685,0.7647683768585334,0.8789739970935668,0.8587812949472825,0,22.893721678062608,13.221000674569924
19,0.7598984451414814,0.753593910197859,0.9083651382609796,0.9150918175328585,0.9235253200808368,0.90032452675977,0.8515006820770387,0.8438424083500371,0.49398392991735784,0.7697708640425646,0.8609005915854782,0.8591255351279741,0,23.87872577892483,12.252163014766568
6,0.749179627279332,0.733084759792533,0.923969904115992,0.9301569042496877,0.8918060466141551,0.861893896685502,0.8333977275561352,0.8305634986446203,0.4678380470953302,0.7734866480403577,0.8344226343072892,0.840465108801648,0,25.507913924028614,15.49035344866292
6,0.7372202537393677,0.7212617344008058,0.8901513546862784,0.8949989309194675,0.8755529755693686,0.8474122596454617,0.8202837731962751,0.8105198081929957,0.44589799751883785,0.7622247984710722,0.834520978492281,0.8235834370178807,0,21.016915488041935,16.17749412769011
13,0.7727966868755783,0.7679070374976967,0.9246681341768362,0.9255287221014247,0.8899294669152937,0.8459911412329965,0.8703212700724587,0.8565475165351736,0.492624339578489,0.7723623664123881,0.8354897537728946,0.8396890627475782,0,22.552662521773886,12.668583840886251
3,0.7604709789758479,0.7462552840134538,0.9273259548919875,0.9297178619708697,0.8788214222505684,0.8331129334586047,0.8482503337220086,0.8381346884631792,0.4808443006668314,0.7794697845769651,0.8565449124782939,0.8481269297323992,0,20.029730183358307,10.367223195730338
7,0.7784900481222791,0.7652921693086371,0.9266786727124782,0.9271523078641914,0.8777929478394022,0.8490736856475501,0.8499076409280557,0.8438367211014838,0.5009751669928961,0.7685439122269258,0.8622567459808311,0.8608156120445154,0,25.209737000431165,16.90005016131146
14,0.7504354959587859,0.7518986372373704,0.9245145931290603,0.9313784795378888,0.8865807291992726,0.8424923447587831,0.8370524839421101,0.8152865846182226,0.4974337997626287,0.7776926187710784,0.8348304967771092,0.8218695728679448,0,20.418967015699774,11.459141358099535
10,0.7452570948846174,0.7314985586217642,0.9289271734471444,0.9380959391313248,0.9004503287389992,0.8651056304132518,0.8487310435954248,0.837902590903088,0.49043733509758786,0.7731232449309274,0.849674922009056,0.8424726357229607,0,20.856281585709077,10.775726440274676
5,0.7636074132933992,0.7529224127048064,0.9198540706947064,0.9154339855962311,0.9000581208945854,0.8693328476370418,0.8638337461857073,0.8556635814980503,0.4620296849511165,0.7747498028248291,0.8301590463801763,0.8258519658318745,0,20.089998218777954,10.91771996816235
48,0.7765425788903573,0.7652587316206783,0.9297782258639545,0.9358099572700356,0.8963380197000713,0.87326137499918,0.8675700227255593,0.8521793905982198,0.5204458625723375,0.7840247637074924,0.8687506637665842,0.8744566063328172,0,27.017234231382023,18.003027094283144
1,0.7603973865538771,0.7645208612902467,0.9456164071095043,0.9412539067927027,0.9217099035300663,0.8966007633697239,0.8660330430545596,0.8482830594824842,0.5183366574802883,0.7874448021512471,0.8553093183056584,0.8472536512061611,0,25.32201680548911,14.24428835160022
8,0.7726004303980428,0.7605439358136891,0.9455029578073778,0.941682878463839,0.9044834022204589,0.8961688753519522,0.8816960286591037,0.8707474471036989,0.5056766964305238,0.7684721889565681,0.8343125322576594,0.8260283869232231,0,21.12317308798528,12.707494096812738
5,0.7654245194649216,0.7616256376903164,0.9030770250207768,0.9055779909494642,0.8842925946810172,0.8549911008171693,0.8581247007693619,0.8445964528532462,0.48239591254649966,0.7772082995953199,0.8395002626899146,0.8354583054846316,0,20.880966521872953,12.756339469850298
10,0.7690290294015238,0.7600216342915511,0.9227866065139809,0.9280480034874401,0.8834075838956548,0.8600425710674188,0.8390438922454255,0.8314707320595804,0.45853648483216813,0.7624108213915132,0.8415192601839632,0.8423341973657019,0,18.691934731103053,9.713512471001282
12,0.7858165139809624,0.7758883549744013,0.9467044191328489,0.945486959925532,0.9262880890669467,0.9084454078582365,0.8875825789598484,0.8891816739657074,0.5054743362675798,0.7938138896042645,0.8695135545093895,0.8623375511961984,0,26.355067503278942,15.5165805027009
50,0.7778255515936844,0.7763874803657491,0.9257688711698833,0.9359568225099736,0.9042901017581416,0.8892034644839824,0.8573807396867098,0.8479913910905985,0.5135351305917828,0.7791831724778463,0.8394686028225553,0.836257252755027,0,23.726278314923157,15.868176778009017
11,0.7754433749312059,0.7681163215403802,0.9338184802504799,0.9372279849896027,0.9129804459995514,0.8852115437436135,0.8628694840839346,0.8570666992803619,0.47276606766197055,0.7930295291903005,0.8745384809875071,0.8619222228895702,0,31.658849227076598,18.61853907351205
2,0.7478990414333114,0.753464751067555,0.8690967549084609,0.8713242451074968,0.8843249900966188,0.8420851467942597,0.8395927421542073,0.8306278789416172,0.48837170987060263,0.7472158839947854,0.8135595076230528,0.8068722312135719,0,17.65529036869799,10.078841037202018
14,0.7414282087309572,0.7305991728581418,0.9110337770676701,0.9134021816179034,0.8714104860568659,0.8293314968741932,0.8545657507486861,0.8429932185844431,0.4660285439879979,0.7705944978373391,0.8500186726506228,0.8447251157012091,0,19.85941599232892,11.54041611526383
10,0.7342944982303964,0.7326396031001506,0.863580020950518,0.8669807077722271,0.8616514151287286,0.8087773495516712,0.7830528509357425,0.7687334161577372,0.48769729188365135,0.7509425081234213,0.8113062480023573,0.7959403286749039,0,16.59479525513885,10.00401885815106
26,0.7924634929110763,0.7774945417979189,0.9375369976272443,0.942755753310991,0.9024244311769509,0.8757160683830695,0.866805459364034,0.8533823751020229,0.4798084953742633,0.778460206679395,0.8345296189563433,0.8324101570644581,0,24.618359375547403,14.729259195398
3,0.742595138420043,0.7490548493628343,0.9212127184893614,0.920509467247949,0.8828126887763774,0.8508370159582995,0.846029078233903,0.8384323392357758,0.49206425382535046,0.7857031911272269,0.8313849828953136,0.8197525458330207,0,18.046870614094438,8.002110345046132
6,0.7713525277790378,0.7683412148501412,0.911335815564257,0.9205699565481086,0.9033291423788005,0.8659695909425656,0.8513089412627747,0.8463590051053569,0.47083805787362787,0.7521146531880787,0.8508326007783442,0.8512965811942064,0,23.86821793437371,14.98848743387866
12,0.77326668392099,0.7565218111514482,0.9446691137746959,0.9484733559021541,0.907818624265029,0.8884327430421683,0.8582085872878943,0.8552704424819272,0.49285453556480496,0.8103529580201776,0.8741501743193257,0.8678054100031207,0,22.99186439126793,12.320905062046398
21,0.7744330864489747,0.754259926598393,0.9343149902323735,0.9394046859151515,0.903504445821423,0.8729589528314263,0.9024300642195285,0.8944029255784549,0.49777260793858186,0.7587593390983849,0.8757115231428266,0.8742994844974881,0,23.25556805164927,12.478290109084291
9,0.7227362459979281,0.7173187685282741,0.8765967264109539,0.8865868270802508,0.868574794080739,0.8444051965518734,0.8118424452840093,0.8004731390904712,0.45109917096535174,0.7362614168183576,0.8403183349603099,0.8195916751090312,0,17.16564104151394,10.186355264081255
7,0.7494022462654141,0.7473474992083122,0.9047168640938111,0.9077433872498872,0.8998867411211461,0.8695502070345951,0.8422274481038021,0.8318221262201976,0.48537904522230346,0.7655257930763149,0.8549107091304324,0.8398234324259324,0,20.223670239538453,10.49062594572061
15,0.7144163307440009,0.7137587212771982,0.8745346410647491,0.8676220582887554,0.8555160627309553,0.8125090579761182,0.8088827332517812,0.7971652503356044,0.45335473648919233,0.765348374949622,0.7980392893426707,0.7870513575251493,0,18.030668650441942,12.357291297339954
4,0.7366849245771662,0.7471031401104221,0.9247634616927372,0.9223598398632241,0.8717408180400545,0.8362331156019751,0.8372391421975576,0.8191544656794608,0.4506061781576692,0.7563004607163756,0.8397834509534398,0.8289880926812809,0,22.035582518413545,14.038176099246817
8,0.7619920918034134,0.747640716505625,0.9012991490154918,0.908114096455457,0.8918535363651036,0.8437766039647595,0.839550870235892,0.8264566209125409,0.5028929507419266,0.7976143088856609,0.8337974585252214,0.8298398354797893,0,19.972441878613658,11.000204868808066
8,0.7352701369244014,0.741862374285633,0.9210907662201356,0.9244934033818386,0.8995146502292884,0.8686568481032438,0.8547274352272907,0.8333638003842229,0.4896790272394523,0.775962963652512,0.8479530787621479,0.839818554406673,0,26.192959841931813,17.3403816083616
14,0.7794987708879154,0.7665267642686001,0.9380730785366471,0.9448955371597824,0.9044190842581951,0.8850471670083382,0.8672309190490881,0.8599432570861388,0.4784415488794446,0.7658080251747985,0.8328052744915151,0.8302615734932722,0,42.112033838778885,30.92058183674607
17,0.764132230518003,0.7629329933075402,0.9278317450653257,0.9266626393235383,0.8860716822058237,0.8545891955333562,0.8625037671482665,0.8518683712048293,0.500766074389852,0.7825832590205638,0.8395622291930748,0.8446968336220001,0,23.95183086376347,16.374792384471874
12,0.7433162263768913,0.7352205794259248,0.8978464796241993,0.8991380799539016,0.8549223704622806,0.8332764091865503,0.8250819481656039,0.8118337435866955,0.46889108709562627,0.7500909648250126,0.7926501901925902,0.7888633226258862,0,19.9670552218587,10.93442095040178
9,0.7682903070191365,0.767334456787878,0.9207868531561003,0.9186405837215283,0.8838468291395447,0.8554581684828223,0.8622411433300107,0.8562863595021688,0.4847163292287607,0.7730887442433388,0.8647097667109023,0.866023351273894,0,20.097071761324262,11.893309072637267
18,0.785280424532717,0.7970849793611615,0.9659933082427915,0.9662451307618553,0.9358902044568442,0.919323353219938,0.9099599978490771,0.9005250808662482,0.5216441938706503,0.7719302466595038,0.9129921141264283,0.9045832018883261,0,31.092614824627677,16.072089641995348
20,0.7457884700819503,0.7435833627076512,0.9258148262366461,0.9249320314004784,0.9094508834953001,0.8837080687544818,0.8582555623563775,0.8512755615520238,0.4876843058891243,0.7843316733143317,0.8594778769673105,0.8402257381198689,0,26.685669508364217,15.498367793303208
10,0.7781890673796624,0.774834086376755,0.9527621961363615,0.9617854075106765,0.9005065080470053,0.8771203669653239,0.8927319403852789,0.8935261164040952,0.5310533357958918,0.7943674243849921,0.851571428074803,0.8357267825279369,0,26.122243479836865,13.546518486037822
3,0.7567805796514872,0.7562177623150179,0.9250901117119099,0.9289241560860503,0.8961847831969675,0.8575869705374293,0.8716899144668049,0.8546550834411181,0.476491468118653,0.7855952981874502,0.849061903316544,0.8388493511384512,0,20.58127751403973,10.627429663369954
18,0.751266576634079,0.7458164611340883,0.8820629347716669,0.8891664239784035,0.8890937146521741,0.8637557235053931,0.8597655914570105,0.8480590812066101,0.47592285015935204,0.7584001943980699,0.8500937400130786,0.841668394075549,0,20.03698458559671,11.088090078371422
17,0.775318709625451,0.7680167466130369,0.9155861971268882,0.9249319294082968,0.9076192375893477,0.8847769759065531,0.8466181264364706,0.8304844256206827,0.5069262770492866,0.7976729505638822,0.8562266670130135,0.8574354153486469,0,22.94504383982658,12.61096329711107
17,0.7582898116758537,0.7524390248598923,0.918240260414942,0.9190181175973549,0.8940738699404539,0.8569237410918291,0.8377702104085016,0.8429984467588383,0.5169494335348707,0.7830328496099959,0.8405457737840804,0.8312759051237674,0,21.68158523814052,13.181960583605342
22,0.7346692948704695,0.7338695982726153,0.9062217243269055,0.9136063019877149,0.8907317477472767,0.864784327228004,0.8747216934601308,0.855790734289446,0.5208466621250364,0.7805833018139389,0.8410720070745665,0.8352815074381431,0,18.993678033223794,11.630064574177567
15,0.7671719367167281,0.7621188025466331,0.9166894425310562,0.9159220798344148,0.9070232914362241,0.8665675756218552,0.8569699299970929,0.847047214714847,0.48912320515610763,0.7798977042333235,0.8694643137219505,0.861417279824214,0,20.80644777214964,11.877792379033146
16,0.7438097572820398,0.7499261412078961,0.9052079793429187,0.9118502678960209,0.898574803234472,0.85844348717512,0.8495885647886801,0.8342871575923909,0.4678127355205349,0.7746759468020739,0.8573835882215773,0.8533314099745055,0,20.333122084719285,11.074647323869543
12,0.7454491445373437,0.7442803649778738,0.9190930934591601,0.926690914053158,0.8817315159318371,0.8422394556533154,0.8482457023254861,0.8391421502853149,0.4473874496125899,0.7873703652255568,0.8690010727781113,0.8592162459648919,0,22.007900719375925,16.24200055768753
12,0.7619104110811048,0.7639877651116843,0.926369578158462,0.9293127467469136,0.8895933314628978,0.8514629761331902,0.8679585010938683,0.8574825089976779,0.49573814639396924,0.7936255428042729,0.8346856664253877,0.8407579046299548,0,23.603292730446732,13.569252476662387
3,0.7476011560868472,0.7367363766552931,0.9133329748095231,0.9204703539347322,0.8766618833826207,0.8496015024401092,0.8357059093854577,0.8187878242352256,0.46208153440811867,0.7380748634091616,0.8792071638511492,0.872296965505009,0,22.986503703164658,14.434189471171651
9,0.7583741262197978,0.7547659093831671,0.9254396619750405,0.9259342086565892,0.8857856467107166,0.8608010116275197,0.8635819247336569,0.8563558095369208,0.48564300275220884,0.7921322528225706,0.8581171977890237,0.8573048153965741,0,19.959240204851152,10.593851246873383
8,0.758319679560309,0.7592777692835386,0.9129003275347423,0.9137498207716306,0.9041437701352159,0.880285011912447,0.868030797526219,0.8469677511739073,0.4859367539019045,0.7853548819619895,0.8541515575429447,0.8520525394112796,0,19.538375611926305,10.071498803762077
3,0.7565615558962688,0.7371235287576006,0.9049427306517247,0.9134439784675302,0.8856583768979379,0.8459565315737944,0.863584579202909,0.8563109077970233,0.4883965452273218,0.7856508499341202,0.8592936312749216,0.8587836178351501,0,23.125961833306246,12.770252888793555
10,0.771781984448085,0.7607104027876013,0.9257359239617259,0.9201502619876807,0.9053382626272689,0.8659677584935298,0.8762221223425606,0.8654627793962589,0.4816123544515105,0.7669058102039785,0.8655432346005111,0.8537688661070735,0,24.340072305733884,14.179560310147561
5,0.7419053605557452,0.7482343766833944,0.9347392544809585,0.9414251543124352,0.9039807541342194,0.8697387923600419,0.8451053923264448,0.8173246872824989,0.49809805614489217,0.7932130855332488,0.838521812212253,0.8423912765236461,0,27.187759353420308,16.975663499755274
34,0.7785954212376011,0.7737771955748454,0.9374642654873174,0.9431449939086682,0.8992164370680875,0.869729979651396,0.867003051890825,0.8502887785414348,0.5092120791218818,0.788600457242911,0.8918377349442226,0.8840224437565941,0,33.48445513406057,23.69267950622393
11,0.7466124114285355,0.7345353571363222,0.8954959312665552,0.8985911799108988,0.8902023022786573,0.8667959843834923,0.84794118307534,0.8485378059160227,0.5001119521365578,0.7640967729926399,0.819536233741428,0.8054220991508544,0,17.623557223555363,9.563807195668382
8,0.7429425015027893,0.7474251573102053,0.884046625338568,0.8880894524577801,0.8532877517295958,0.8063487536406317,0.8081543256172695,0.8030720548379523,0.4688425179150055,0.7698679622196879,0.8135063986478079,0.8117432568882643,0,18.947528589594086,14.477818259851317
15,0.7177850091917755,0.722867399408849,0.8726768342631187,0.8808977916987893,0.8644222693488353,0.8157416389964219,0.836273578621814,0.8235930645800817,0.43833668707588713,0.7300497991923303,0.8212371608796404,0.8146012646817067,0,19.05762422969214,11.508113107742862
13,0.760293632297561,0.7515546018907634,0.9482414727333209,0.9568973664338335,0.9129550302596346,0.8949652249010289,0.8712566349491999,0.8551267287409408,0.4947376032619578,0.7623192509884401,0.8751998064944968,0.860723708331151,0,30.96522121121549,18.35563124327963
9,0.7739475808843673,0.7687102879677561,0.9321941726025829,0.927827119885495,0.8888491673701188,0.8656670910465948,0.8830827781807462,0.8779294290551075,0.48942446372448123,0.777013779426767,0.8524463053403404,0.8468394882396569,0,19.79400274528184,9.522803348917945
21,0.7607919336641829,0.772639604222156,0.9311703989979202,0.9382331079043129,0.9201641916496612,0.896021940465443,0.896398068236013,0.8831839816428494,0.5236215361369888,0.7931111773107403,0.866881390720084,0.8690593374937946,0,23.838088168736697,13.282211149024207
11,0.7357289965356251,0.7370749775969102,0.9064334172105724,0.9139043134599768,0.8859002930893417,0.8529215755585635,0.8309707775354087,0.8150282250718633,0.45799549818587376,0.7383795453712935,0.8335827463981,0.8232528474490171,0,21.693257800718136,13.794681960583063
12,0.7537766915795188,0.7436138913203013,0.920259139300907,0.9283858333382492,0.8763426949319277,0.8466149890318071,0.8604150158107703,0.8484623940143012,0.4763577907027962,0.7776536159431072,0.8458647089836919,0.8391518029462206,0,18.329694833396086,9.233442650042177
9,0.7352763879940136,0.7249224354769727,0.9139952562646957,0.9283685769092199,0.8881574659768743,0.8498815533412535,0.8446838419589614,0.8269500768618573,0.488050626127345,0.7489635155955765,0.8203096707286924,0.8232693402517774,0,27.20733541495066,18.733491867724297
18,0.7909706081405133,0.7835174028133728,0.9475394568523899,0.9493250442040129,0.9229414793964599,0.9019351552799403,0.889695990393246,0.8848327538617854,0.5255882257927348,0.7874894047802052,0.9007746517271038,0.8990403301413318,0,30.54028795908539,18.695166564611945
6,0.755699174054117,0.7546314592213597,0.9066429548149166,0.9167897211537284,0.900471799106563,0.865472017160406,0.8531819684071732,0.8216020739504651,0.4592335101864195,0.7739372945435209,0.8501488652580285,0.8457920686781679,0,17.810830343608004,8.423887303641736
13,0.7893387561750226,0.777265742206785,0.9432418127643004,0.9411291392647343,0.9150610013391489,0.8919845644589289,0.8925736627604373,0.8839897363852837,0.5224172783929706,0.7881734057347991,0.8935337741607793,0.8865229718869526,0,28.92541811240524,20.964902108709165
8,0.7855021087370414,0.7745324239942525,0.9563653029512101,0.9578084268215346,0.9132589703342578,0.8814696217019157,0.8832442031426053,0.8705290025402406,0.502430086678557,0.7834780491074601,0.8794916900324928,0.8638299920680469,0,26.15155493322034,18.571078111916325
6,0.7741705472402924,0.7768345995563858,0.9485894785501203,0.950407114674855,0.933657631650179,0.9150977555233141,0.8790502755198141,0.8792166715174721,0.5005648619696386,0.7914943278686204,0.876412144454786,0.8730017555323846,0,26.884344944908104,13.708591089837459
20,0.7461373448425275,0.7274010626076881,0.9057893463132043,0.9175295872180613,0.8843204610915518,0.8559307888624978,0.8457367475180576,0.8380389748594622,0.4800200897031808,0.7486836357648452,0.8393386503882292,0.8349286353896376,0,19.97778041366639,9.515807593239487
11,0.7976465185420792,0.7740824972919632,0.9720528115737145,0.9704989159806686,0.9321743558167785,0.9192726194943767,0.8891346377813597,0.8828866524257297,0.5319285326985562,0.792966373611349,0.8789521743468153,0.8795560857095949,0,29.6263774603756,17.095471381939422
26,0.787431964061425,0.7814851413007672,0.9128905778501232,0.9163300720970498,0.8924589348312336,0.8617772417528664,0.8642919405666715,0.8613048876061683,0.5164040728779697,0.793141995443932,0.8781847508749563,0.8745515053724159,0,31.352919047734776,20.68946813989201
10,0.7378246271125708,0.7417332824301667,0.9481572472691241,0.9450598867133997,0.8843680340557896,0.8443588192996649,0.8646643562830212,0.8559587168868972,0.5075385746987674,0.7853560625293626,0.8646109738977651,0.8595028736775117,0,23.455254895230617,15.001419389482086
13,0.7774912669445111,0.7651626175174022,0.9283794436702792,0.9305657224598292,0.8822907814605913,0.8491145455555866,0.8611199544381858,0.8530743591710521,0.4903975083135438,0.7699947106244879,0.8510972234379964,0.8445193834780135,0,21.5910071677892,12.0668809601702
7,0.7767847123306985,0.771322958745966,0.9562855203464191,0.9541955543980163,0.9118497461707266,0.8872209477781522,0.8834947058674423,0.8668172782113279,0.5365934164160625,0.8147917632560545,0.8917275368578096,0.8839525652653388,0,25.549309531542914,13.112524735506303
10,0.7507959273215462,0.7446019401994395,0.9162865924235297,0.9174355828157266,0.8951325045999993,0.8672408914707119,0.858102621160213,0.8548213545065407,0.45301191032143306,0.7838943512156255,0.8592259489976793,0.8526316534573034,0,21.9770147912531,14.261166580735493
21,0.7572276499183426,0.7552204485797334,0.9236573145367716,0.9272167756006422,0.8960459809225362,0.8643988236479152,0.8620477860953426,0.8548319552365398,0.5316009474342455,0.7818544855109879,0.8403282607483276,0.8467502470208921,0,21.914106921646393,12.73972570347443
12,0.7515059641532202,0.7474856333170238,0.9332504932545096,0.9354170363123469,0.8834161681594338,0.8391775130160531,0.8552920946886572,0.8529146134031454,0.5089301468142533,0.7968616016461265,0.8441967697879862,0.8408825387409236,0,23.812026753044627,12.96766241395395
7,0.7594658772635975,0.7476570580941243,0.9437935491008788,0.9495797238820515,0.9020095073499218,0.8731821262603003,0.848798873404664,0.8452046176523252,0.4862122694538989,0.773292005564344,0.8411837806610941,0.8293400168650371,0,38.020853971659776,21.952232112744525
16,0.7748622392043764,0.7924362514572777,0.9549480176482288,0.9557078513292881,0.9289396519778318,0.9074803526304167,0.8718023623402851,0.8647836553732589,0.5150280420815453,0.7996540956692753,0.8907606778498987,0.8897329271848917,0,27.065545849348116,14.099412297690343
13,0.7713351880444381,0.7813458418832149,0.9335922037059403,0.9372167640998678,0.9103700843420156,0.8886233928378875,0.8404233782162186,0.8415291903879153,0.5110515423389206,0.8062220309931885,0.8462194296969414,0.8440685719944307,0,30.3016668949289,20.349669938649342
2,0.7667912447739568,0.7594005028933961,0.8801485333293478,0.8956161863696727,0.8682502181244623,0.8250086057321667,0.8325021449702333,0.8279905939538205,0.4809331821819087,0.7810550970248746,0.8220766641530658,0.8184838841912463,0,16.854361252485614,8.323014321008017
19,0.7567498489637033,0.7516087595745936,0.9361325290100689,0.9368950200620003,0.8936127204171477,0.8822416732037244,0.8441615722145465,0.832957235612908,0.48152106261033406,0.7796941694972329,0.8289885623135355,0.8177984027403888,0,24.06893973484935,12.765189349047926
9,0.7656919636974621,0.7524283846026462,0.9334833044167903,0.9333912114354748,0.8875199619021019,0.8621614644262636,0.8817213268071123,0.8663991801046854,0.45835121425077824,0.7851337196877799,0.8237641873775928,0.8107923963533655,0,21.160922456998946,11.742919985363233
13,0.7707841988109045,0.7683560211281892,0.9339811233558043,0.934019767679559,0.8974388408616017,0.8673358802126526,0.8664152655518633,0.8495455864494461,0.4672875761134063,0.7519731238134172,0.855563309439551,0.8480682551292923,0,28.697002151920334,20.12831832142953
13,0.7743606636304676,0.7689320097928485,0.933508771702494,0.9334696427048027,0.9125708654125326,0.8830995916112963,0.8749586849156887,0.8743584076278381,0.5138184500051255,0.7760883468076558,0.8648373200493287,0.8571588446934375,0,25.11074346348434,17.45219259014657
18,0.7860664641516555,0.7768494349775056,0.9460080405759547,0.9425748786925573,0.9098783200447653,0.8845804055660025,0.8952681151569701,0.8866308910156254,0.5222416305555284,0.8102296909721395,0.8872707701747086,0.885340288955568,0,24.69313989000151,13.294805900638792
4,0.7455731481730209,0.7399184951098347,0.9122621620445575,0.9166372000262946,0.8869541304904817,0.856973741446362,0.8553509879650357,0.8412583307031649,0.48932212552993215,0.7341966072864561,0.8344878576508574,0.8296429307377919,0,21.620434525755996,12.18912055843022
3,0.7880362799356608,0.7832281108763041,0.9538905981289754,0.9565903921982386,0.9011474495418482,0.85828854232569,0.8408239376822235,0.8353962499556182,0.5394346264713378,0.8041622400243015,0.8740383018307253,0.875581215384498,0,25.758756945902203,14.635357105253874
18,0.7540000703930312,0.7427443852784777,0.9052125552293808,0.9038607922616798,0.8770385792536634,0.8373334335116442,0.8666684678057871,0.857645324891331,0.45043431155180225,0.7606288929935163,0.8486793627319912,0.8403474531990128,0,24.69285969136138,19.670427569836217
23,0.7977198072491132,0.7832795239535026,0.9613208140165911,0.9667354806566003,0.9345035597857051,0.9141108019751165,0.8582503046802327,0.8453474616760422,0.5249317723475092,0.7880497310725652,0.8793919714534144,0.8725126557167056,0,37.79653897901922,20.34135770509252
16,0.7703425069232803,0.7540160328485713,0.9314122623371357,0.9418239568343705,0.9039131477026916,0.8774075723324384,0.8625236834471814,0.8565508411477069,0.5098817520461819,0.7884117669749446,0.8550449838604156,0.8436484085826144,0,26.980889341143072,14.776355896796959
