uncompleted_cases,Resource 3,Resource 4,total_reward,mean_cycle_time,std_cycle_time
4,0.9458650014260301,0.9455799932912899,0,28.85073479335759,21.763992764530922
42,0.9722954657077886,0.9721924606568644,0,45.48944379653162,26.047889069016115
1,0.9736216005208286,0.9720543977535366,0,63.89436731302501,60.48876902701878
62,0.9696815074155682,0.971527626907139,0,54.347336755596245,34.57784925291844
11,0.9374440812194147,0.9360278941869212,0,25.298645910579356,20.190843814604477
2,0.9015960994921693,0.8924306064358256,0,22.318197302582504,20.743846532229888
10,0.9500804333859906,0.9484006079638928,0,31.22606216503978,24.24276559006083
16,0.9359539573591593,0.9405772445369573,0,20.756056306967295,13.174334967396216
20,0.9826901553363244,0.9823528773234066,0,38.26076866130247,23.177133904452862
25,0.9503806023308009,0.9429778897757592,0,26.642125099918168,19.873229272482106
16,0.97601309605734,0.9744340520967322,0,55.1973782349959,41.80649516932206
1,0.9366461947920379,0.9378557500719499,0,24.873584207924818,21.153829962525602
12,0.9252216778359061,0.9255107452663085,0,26.07114460581567,21.567798154908953
30,0.9372713080210702,0.9403706042511778,0,20.515807312640053,13.968245373219737
24,0.9263997772951016,0.9207567412165976,0,18.07456518114402,12.541619092096951
6,0.9578013795640525,0.9492628429544763,0,31.740603252712717,24.497387089101206
50,0.9624190898703094,0.9634765230273764,0,62.55375310518343,49.00071571795813
47,0.9781585337446608,0.977217753555834,0,44.94893347110758,34.746087851648454
4,0.9234451181423606,0.9122165814553946,0,15.889900150865188,12.53093282169831
39,0.9330257348809482,0.9297090633380914,0,25.232698233805753,22.37430616250109
38,0.9899898473223512,0.9884175094301696,0,78.02200390369704,55.09382929934328
14,0.9424470655830987,0.9506856542358478,0,24.26346603013059,17.105758508274878
9,0.9285002807666118,0.9327689541717066,0,19.96896152080054,14.755735015447016
2,0.9054431303508238,0.9047830742715761,0,19.04280369742679,15.530529210972455
34,0.9401109469649164,0.9377670296394944,0,29.76258873183828,28.115153520373518
28,0.9582751751031007,0.9570092047168566,0,32.28623971918067,28.502535583556114
103,0.9613742582704373,0.9656647900193482,0,74.84455858215865,65.68604403504021
9,0.9558383185306831,0.9537732008864505,0,29.800655732921754,19.44678799416404
5,0.9158373367639617,0.9121602569738189,0,20.9872976719875,15.369662467791795
6,0.9491322515255117,0.9466895836477892,0,36.99574688178917,28.129546723885326
24,0.9212664117300532,0.9231925544677926,0,30.67965285157397,35.486932569129905
6,0.9840136348761395,0.9889320447352249,0,70.3992118120608,39.84287230139925
3,0.9506786619393366,0.9505916027505571,0,39.650787341281706,25.87825219228537
0,0.9229312982246214,0.9173861400586687,0,16.376275341693194,12.150220120390346
61,0.9388445588084318,0.9430795588147933,0,46.82967692568222,46.93096572817256
2,0.9356560887810369,0.9349331498312599,0,23.164709035946192,14.143163275534054
5,0.9422935628085118,0.9464065398971286,0,30.37254977024727,23.437126160350275
13,0.9146066057071528,0.9107908525185654,0,20.87039137957859,17.81214086966856
26,0.9456483797579749,0.9409445285874959,0,25.329882456201666,20.449676413030563
4,0.9740082296328425,0.9696373113794738,0,52.52962756098717,31.5991951664513
24,0.953421269630318,0.954565950935276,0,44.28024204679531,30.00123051932705
18,0.9962759859856176,0.9971547373552777,0,162.55433925772968,57.021767648293924
8,0.9407364592881063,0.9497859257573522,0,34.213302690634336,26.856934344151256
25,0.9584352832470285,0.9526325639704295,0,36.44784662927358,23.772765701776272
45,0.9531169705662762,0.9491124747390471,0,34.07603176016313,29.242333972536137
12,0.9524934481044325,0.9617361045945744,0,26.03217155553166,18.202459245472323
46,0.9535268120324488,0.9545166245408493,0,38.85205093800259,28.727426894113304
64,0.9780482334319107,0.9842197046588433,0,67.45656280399815,52.83905172975141
4,0.9397805037878901,0.9440405509894246,0,25.779769853273862,19.29441534699537
9,0.9128484673650328,0.9149578109010372,0,18.04085007668374,14.241124104254443
16,0.9454175199633784,0.9490753567862692,0,26.507774520385404,20.78091577278359
36,0.9664387958991505,0.968166858966281,0,34.838560956847594,19.941517199124302
16,0.9480120609683578,0.9464271663272633,0,47.33321223407179,35.80832213908117
13,0.916964743999274,0.924550338433401,0,20.689577802767335,16.767271727392277
2,0.8972026000257978,0.8959593107146891,0,13.936922644914377,11.00176745114286
1,0.9350491057721252,0.9426384522014778,0,33.3298359061243,20.274848967833773
6,0.8987880283955075,0.9048541309584592,0,28.27603021407339,26.095184993248115
2,0.9479023882189289,0.9497807573778823,0,33.909021694782595,22.24677001226915
15,0.9513786541112106,0.9486999199440834,0,24.609149275476263,15.47402585922643
16,0.9861933095837266,0.983189156218699,0,56.10440605589307,33.754240340315036
21,0.977356016817803,0.975414809963899,0,47.68910503030077,35.268498943936876
2,0.9726414335937011,0.9746098556972802,0,53.97562147664325,36.245092350908884
20,0.9892320606423706,0.9880786096516485,0,43.705903405500685,22.55185675865303
47,0.9609413908155864,0.959917328858743,0,43.61110404215836,26.190244293503255
3,0.9635233380191414,0.9608291561044154,0,59.17318539489446,46.37598249661805
14,0.9612943095749193,0.9631297975074514,0,37.573513119363795,27.015509671466496
5,0.9234523744369497,0.9248171572971527,0,18.15690584499727,13.338573245307888
9,0.9328481457909827,0.942892749334317,0,24.08814014913242,18.087485837226588
0,0.9457895449972679,0.9518976796929128,0,32.315669298637324,22.331449229585672
30,0.9399917213988983,0.9336264778234726,0,24.14441505980879,18.33010931006538
50,0.9975420698824926,0.9973944578972734,0,131.32884710739728,53.89185641168026
0,0.9492653330468193,0.9498343721403757,0,44.951646127368505,41.38823502886012
1,0.9598326334717282,0.9550396325827131,0,27.697868798453396,20.68774550603556
17,0.8844501245279389,0.8791080436092676,0,13.975926050905189,11.137703656407544
10,0.9038448744862743,0.9090324552784709,0,19.022294420466594,19.174785862822127
28,0.9718794282460674,0.9739597532380593,0,45.52271123873244,27.733855282940393
73,0.9639709143037746,0.969453849973346,0,44.35043974547172,31.301428785374483
0,0.9496530840106414,0.9514103747540595,0,21.047756713352808,14.646006902874614
13,0.9517248714009573,0.9481918696778463,0,30.75894870805694,25.285699328180144
11,0.9511469681117701,0.9524268543317675,0,30.836253369791123,23.05663924310313
8,0.9445036315104622,0.9434991055096219,0,24.684626933638224,21.562625576005477
24,0.9602158098477157,0.9564581846881695,0,41.64491457193623,45.20428553800752
9,0.9199649303153916,0.9206482584913581,0,28.55664524393326,27.911456920341752
8,0.9715024221566119,0.969377580115854,0,61.969146869679676,47.67831992615748
6,0.9586814023697889,0.9637715666961573,0,30.587469144696563,25.538086501972113
17,0.9606607829027324,0.9675575000544885,0,35.55529386020341,24.393141081472933
2,0.9497899625116324,0.9497443324535707,0,30.961524870738263,25.725109149260284
7,0.9173573262164396,0.9112071963753737,0,23.15515827007318,18.307763919590307
5,0.9521105515463251,0.9480138370341823,0,25.39887553005301,23.400352364586947
5,0.930825012946778,0.9319102176116152,0,24.226425419217904,19.919633845861725
3,0.9111298164306534,0.9099025326916524,0,18.37877206593144,13.953150404340045
15,0.9198766630338582,0.9143862830615217,0,21.750107457104853,17.855136609534295
23,0.932762020458293,0.9331858730385527,0,28.046020992192627,22.018731519249304
2,0.944125847185395,0.9363228143363876,0,21.24599331987935,15.859101657731017
16,0.9429492189276383,0.9448676493053112,0,20.215038438316874,13.142239415780313
9,0.9384968123651721,0.9304953616938443,0,28.466074753765565,22.356033086344343
31,0.9754314476974754,0.9740944100313549,0,44.51749443328377,34.53793435952824
20,0.9449107904635397,0.9477837550023889,0,27.348628267711646,19.970034727652365
2,0.8946569727335931,0.9014876560246603,0,15.95150665868878,13.27353367556948
1,0.8954935593028671,0.8891064101017268,0,17.284205288550776,16.61988600752369
