uncompleted_cases,Resource 11,Resource 12,total_reward,mean_cycle_time,std_cycle_time
0,0.8547808939555934,0.8536401319990118,0,10.651997885788486,10.071419880036101
0,0.8370592044994759,0.83896083816969,0,10.562977865656544,8.605981532719552
17,0.8369122664684872,0.834315879152022,0,13.208092887657354,14.736287322412245
10,0.8134021834381825,0.8294225012079928,0,9.292550040586729,8.188140998084714
16,0.8260382208931174,0.8287521861871253,0,9.319781821918241,8.105522769595616
2,0.8367713050016602,0.8463569454786293,0,10.626905110591814,10.16953590256105
5,0.822723835770584,0.8255582081291173,0,8.752198324786201,7.851951471973109
3,0.8470802020127294,0.8513366394275382,0,9.26781414748199,6.774375065447882
3,0.8432348369632316,0.8467284727982491,0,12.140152108284369,10.273375714174742
16,0.86938208159277,0.8651474840034403,0,10.1619147592684,7.31375581996344
3,0.8529041022709049,0.8568331013510602,0,10.628589553757257,7.929634367268291
2,0.8618290241088212,0.8651328422357759,0,13.01277032347757,11.644408382464208
8,0.805374021618429,0.7991661859966178,0,9.570200256697774,10.2535288369267
8,0.8268101813886573,0.8307425493892684,0,9.466228767231602,7.549865814806718
4,0.8654968032423969,0.8639911513489497,0,11.602264248795798,10.99038036325188
3,0.8761756039523482,0.8778442054121051,0,12.569055110959694,9.949222677972331
10,0.8657185476918192,0.870881653792893,0,12.157040357597472,9.749892879178397
1,0.8235188360468044,0.820909405394358,0,7.679055690995559,6.344500242330229
10,0.8385754714305181,0.8340132724985174,0,14.529481471599777,13.743669455087705
1,0.8260125494012674,0.8290298105645408,0,9.200038900994969,8.359651752455688
25,0.8190812654244654,0.8222726743518595,0,9.343170807954504,7.999845032701843
8,0.8133451042735598,0.8155272492698961,0,8.434514842156558,7.619400768199043
6,0.8578699477942874,0.8648692458383617,0,10.55467924073628,8.719677685760722
6,0.8707248250743996,0.8786187821435173,0,16.88585361368061,17.380513908685913
16,0.8577269902225553,0.8547460479770193,0,15.120911760624999,15.619201211784256
3,0.8346281565008085,0.8338446204726281,0,9.085316111806103,7.015439370451811
2,0.7984284800131414,0.8090695483702376,0,7.1582379906190425,5.5532255503451315
1,0.8121542184079403,0.8145639472045932,0,8.136439840900987,6.254217214101951
9,0.8574436639538626,0.8570216072819618,0,11.750647552106836,10.389544177086025
4,0.8691363700894708,0.8738339710529924,0,14.202385794688233,11.18065709271812
0,0.8116574709540271,0.8225836579282947,0,9.560373842342194,8.99018589992376
13,0.9066948501200172,0.9066405165488232,0,14.413085442483712,11.491401353089008
37,0.8452431568748602,0.8326432560823108,0,11.680414604712768,10.520489994111953
0,0.8378752609202913,0.8260708360910352,0,9.397672415459775,7.884331817027959
11,0.8561021206939474,0.8484956395697416,0,9.69265933448722,7.756098632881344
11,0.8526710317298588,0.8524457345582274,0,10.05683666296037,7.685990039138461
6,0.8595248848168457,0.8562567171332522,0,10.919813338399814,9.615479839504125
1,0.8550293238747665,0.8661695100926347,0,11.499340071732398,10.22468549851709
25,0.8468703017113146,0.8477928035644038,0,17.249609132332814,17.930658245298993
1,0.811826582931502,0.8182787295694404,0,9.504879531617426,8.50366555516098
16,0.8734466444557322,0.8795445914653481,0,12.786245268625935,9.268139099213048
10,0.8384012160580573,0.8382258432509112,0,9.555935826734688,8.412424994883164
5,0.8479261612640007,0.8494205851815568,0,11.137984534802325,9.622413970063082
13,0.8276385416538491,0.8243339323247479,0,10.781698708187315,10.21087139963377
4,0.8715294601725847,0.8660104442643375,0,9.821181736943954,7.374183089699452
0,0.8441196566566416,0.839972559711303,0,9.027584867609075,7.909000169074691
1,0.8483535697581724,0.8392648431545565,0,10.567253605082033,9.796492389797233
1,0.829113953625772,0.8391712614401662,0,8.963192767495368,6.528630800699317
5,0.860380078379427,0.8579040003517372,0,12.601421042129271,12.510088205742587
9,0.8370817311786006,0.8454935685577518,0,11.395409810161919,9.815416190554634
7,0.86997600219265,0.8725109796259134,0,13.252675116914844,11.752097819309443
3,0.841578237068767,0.8506468939210674,0,11.311088536142966,9.235754041613852
1,0.8665134687188598,0.8609166789664816,0,10.131185256261409,7.632589905845597
0,0.8362686374071185,0.8320361111412742,0,7.985062034080511,6.0051446246771745
3,0.8553056815620821,0.8548187881095064,0,10.887319002173834,10.308921230924664
8,0.837158228095214,0.8415317941618082,0,9.022609303898596,7.326803437485304
12,0.8297122232385081,0.8277498297542275,0,10.231981446797619,8.677011007992759
4,0.8339894413059464,0.8242286928675537,0,10.659326598453369,9.744187811560995
6,0.8738245364552886,0.8763617041696824,0,16.5878371368838,19.678487559382468
29,0.8489891671273903,0.8429814274377792,0,10.228150410209118,8.694397090680958
24,0.8559151680462168,0.8572613454493603,0,11.279292152817929,9.262207110221112
2,0.8523693296971009,0.8429236935975359,0,10.331245753171675,8.402339942900618
0,0.881989450561042,0.8779710013050731,0,13.298163226070635,11.225935025160886
3,0.856319906317379,0.8554712242352216,0,11.168803618335772,9.09379783418215
0,0.8508452273659244,0.8492722027586982,0,10.128878551766444,7.88163116756357
3,0.8301017030950161,0.8291793530788265,0,9.50235957209583,7.636672363264199
0,0.8664765751333771,0.8637558134988771,0,11.638759132988527,10.261449738824215
12,0.838622696131099,0.8451041411617116,0,9.691522075817852,8.028836284560379
14,0.8531835405178337,0.8540223782351813,0,10.465627067612779,7.843319468133321
1,0.8444743968463123,0.8370765480713104,0,9.280595583282864,7.291526099802047
8,0.878028310072997,0.8747060284217041,0,12.531496389581607,9.239303182485076
1,0.8001415830657714,0.8072207874812328,0,7.707124063453529,6.149301804410512
7,0.8102611448496938,0.8191082572062034,0,8.810985924879782,7.554172400757266
0,0.8582373711730165,0.8543056325365874,0,9.575259309203313,7.5563975129136
4,0.8449208343152517,0.8461436802360637,0,10.073366731162285,8.264241410943702
1,0.8503818236414847,0.8579023702364043,0,10.000873632229032,8.145301450727546
8,0.8362157925817992,0.8408232005505714,0,10.488195226310028,9.586417410500502
4,0.8700685893630625,0.8758718903991767,0,12.602502009004978,11.483585775227215
1,0.8509150611404716,0.852823915161641,0,10.740530043350633,10.8807775448627
6,0.8334378719226565,0.8441077141988146,0,9.000723515424276,7.183974543200506
5,0.852379081861646,0.8434826206387728,0,14.534008210698918,15.253012242644697
11,0.8669957412406915,0.8684905925170149,0,12.231758714613418,11.077876922465165
1,0.8323620414464522,0.8402292040400505,0,9.130914341808058,7.067570802039344
9,0.8510261990694326,0.840948842093409,0,10.961578504545495,11.586453892362904
1,0.8423684781301141,0.8374822300675046,0,9.211588230924624,8.012687854527897
2,0.8769637702155253,0.8799951287559467,0,14.20710186772788,11.451637353777949
0,0.8607976790649178,0.8564750671659189,0,10.941933487567276,9.020581637995063
5,0.8659455621136207,0.8564698835796859,0,12.00155145230641,9.45978818294238
5,0.8535037837600059,0.8517481327825616,0,10.778674690097755,8.90598435707182
5,0.8718562437762832,0.8747137129589593,0,12.40126234836358,11.41449475094453
10,0.8778310323608585,0.8758150435907536,0,15.387616008847665,14.763532524784333
0,0.8623619695744598,0.8487664131519704,0,9.920581519994888,7.722260091557041
4,0.8798489278513487,0.8894099373592244,0,21.376983462415367,25.120291291819857
4,0.8501114919965544,0.852702737423765,0,10.91735610422257,9.773274378962574
7,0.83161889779388,0.8276881420712583,0,10.122416973140636,9.109922528186285
0,0.8119256414143093,0.8096728645643814,0,7.905425898645205,5.902440710312124
12,0.8352514349499519,0.8320045040235527,0,9.329939689622563,7.754039604780137
11,0.8215284076146881,0.8229890652076847,0,8.395626271065613,6.876670653384772
9,0.8529753887156536,0.849914181729927,0,9.355329838927176,7.6228655135679055
5,0.859394975649614,0.8597664908357657,0,11.659931748334312,10.207543528277707
