uncompleted_cases,Resource 1,Resource 2,Resource 3,Resource 4,Resource 5,Resource 6,Resource 7,Resource 8,Resource 9,Resource 10,Resource 11,Resource 12,total_reward,mean_cycle_time,std_cycle_time
67,0.7484733190793246,0.744821177008192,0.9549176368641047,0.958190837180147,0.8803964464718501,0.9013133598570459,0.8320318123326024,0.828412797934541,0.4636892015893112,0.7298479822170285,0.832145333034997,0.8300268392944614,0,93.14531140439989,36.37745297297297
44,0.781166231191108,0.7814134494153828,0.9881430385340804,0.9874288104739473,0.9381933105322567,0.9512332010134258,0.8696810395084218,0.8703326172511499,0.4787151758124775,0.7719983505301151,0.8516653130936785,0.8460671892771036,0,116.24579433720037,48.449223975528795
63,0.7314497200576914,0.7226480428254318,0.9120331480795985,0.9020426485405314,0.8697897764232508,0.902103254661142,0.8054091089559974,0.7999107494748687,0.4490685021711861,0.7349583279829132,0.8284140962084658,0.82091764189936,0,59.12826452316166,22.06070446104343
29,0.7409023357527863,0.7357416631508051,0.9183237704312042,0.9156188918746612,0.8592593103597481,0.8795880734683568,0.8274867731550261,0.8148098015636503,0.4775995607769433,0.7383709584450487,0.8031472110847586,0.7998739759737128,0,68.6320038199643,26.40713387823342
68,0.7400065390571724,0.7481607992115876,0.9246275491926992,0.9270226911295014,0.8744920965019197,0.8970968442150031,0.8165484721475502,0.8306694184103328,0.4520341665626342,0.7319193108871784,0.8324604448406677,0.8224399157291127,0,69.87956547878024,29.213459074931393
48,0.7691962985020995,0.7736448541199267,0.9406082208024001,0.9432390729875211,0.9114863244790832,0.934540645110397,0.8360754826762422,0.843927886633677,0.48413944377371937,0.7695548548825113,0.8444095755738057,0.8560086320552811,0,86.95560269186443,36.25333309092171
36,0.7500174133742663,0.7439220545736417,0.9230704405736032,0.9177503917816768,0.8924529067497717,0.9098791619486565,0.8314170266038509,0.8266387497039568,0.4745344561461133,0.750559498566549,0.8354464471185402,0.8416866423886111,0,61.634566452215076,16.93837203977462
46,0.7326106317708657,0.7253170647653772,0.9336308677952131,0.9372483286346415,0.8475849215662995,0.8772890646532,0.8303115707344317,0.8262414744041698,0.45275787853320215,0.7506216926189905,0.8058830940668126,0.815861259600274,0,72.51154222156853,24.444621196252985
76,0.7276828474000451,0.7326339554377044,0.9067567381756815,0.9072759319570488,0.8843699896063708,0.9053331015107108,0.8002855563201712,0.8022048982458264,0.4730224690008017,0.713198699012965,0.7967928025162108,0.7919536306321358,0,65.05891643537197,33.36600092588137
26,0.7299086413516752,0.7256824920443427,0.9244375985082571,0.908299700986808,0.9118383621273443,0.9351311035486504,0.8491147489597243,0.8484255346592666,0.47520545625319593,0.7516853058957317,0.8123129776475962,0.8133400402954571,0,76.928052796478,33.0704799913243
23,0.770771959906816,0.761715641492253,0.9652326858308852,0.9630090316890102,0.9081668977879938,0.9314496720950467,0.8555058279178381,0.852423909566216,0.4880531651384599,0.7842234499990446,0.8400163136105446,0.8407629001578607,0,100.37450566439644,46.94340659644184
26,0.7306927435013258,0.7302868861609317,0.9044862525831789,0.9023514901916285,0.886859724516988,0.9080444930652748,0.8218618357258872,0.8184935466873192,0.5048362670240101,0.7423524431765739,0.8197481085414453,0.8190240854557617,0,73.01455637545953,32.84861622370337
44,0.7253821360010713,0.7247982704125732,0.9001994995830801,0.9085595484422805,0.8752905625361375,0.9047001589709831,0.8097350883633475,0.8122540071797233,0.45266440750769654,0.7265187197636681,0.8085004938318189,0.8058549545493252,0,58.822594955551324,18.676389030499887
27,0.7754211488329824,0.7773742692079968,0.9374643275644942,0.9394457612973328,0.9270529788732358,0.9433693706275607,0.8533921556142905,0.8576155325298079,0.504334422628286,0.8118067858721362,0.8226878384028178,0.8261001111604613,0,104.06341761366932,42.72353627072969
19,0.7109949375874264,0.7047282352477504,0.9118132244190352,0.9083239530814675,0.9001077355213333,0.9168867221237573,0.8197169707771506,0.8082295537037693,0.4779584916797034,0.760559004610326,0.8406855879625429,0.8290058474354984,0,61.4890818223645,21.360745970443727
13,0.7355435096575791,0.7269287303958664,0.9395699332976873,0.9332010308563354,0.9054791241550045,0.9290861593433161,0.8504929797291166,0.8491639902140234,0.5079934326646292,0.7668952377301304,0.8498629201039423,0.8417376985986149,0,70.12756102449308,23.48401404571915
26,0.7454576097995144,0.7556125888875534,0.9098623290297059,0.9164679212140542,0.8907316732823829,0.9220736447126429,0.827948964817705,0.8214095899943683,0.493307191504659,0.7363579483415313,0.8110390260367586,0.8087327242938631,0,59.86242916434626,21.937194521832428
28,0.7490283229523333,0.742752367371599,0.9445413889955695,0.9413953145176949,0.8984506512317126,0.9242725577073472,0.850039615212891,0.8423802495954406,0.4741900073486935,0.748264315742714,0.8322318842388753,0.8291889109406647,0,76.79700092128174,27.658634905367318
32,0.7365934325510448,0.7529566741043063,0.9305750007042151,0.9209844069147568,0.8944779584499191,0.9146707189475818,0.8121705856521275,0.8020331071061951,0.4803635239936582,0.7606084623768042,0.8363695955125626,0.8448151388045939,0,75.06530035614657,32.0009729023218
34,0.7478690540629619,0.7596623786145638,0.9328353237084619,0.9396009366081478,0.9073758309965997,0.9287133636689048,0.8664589174023769,0.8596373482056758,0.49203728544297276,0.7511243141409918,0.8367623201342933,0.8347569126469747,0,83.81026333781868,32.83541649821428
54,0.7542891386894751,0.7539077114025671,0.9563641330162848,0.9503238953364135,0.9223187071766582,0.9417607233349891,0.8382546092838904,0.832865923612093,0.4881634092846527,0.7858638179854549,0.8463718684248037,0.8385397959138079,0,89.59461117525167,31.45688317300226
44,0.7473296011346598,0.7434662486480019,0.9389873578132001,0.9392872954225074,0.890013185255579,0.9091381546707911,0.8023167369553276,0.809224736703947,0.5005596897360218,0.7460762768611845,0.8408487115718268,0.8318506959971385,0,79.82401329766896,29.9259249649084
16,0.7406173078706055,0.7312208618827235,0.9355041473367981,0.9387116052958985,0.8908504303129122,0.9077610315491329,0.810468019120667,0.8261344357400885,0.47188638174936587,0.7508871329874056,0.8177717028113276,0.8235866163070785,0,72.41190231905907,22.97389472481684
64,0.7683510264101886,0.7705726175966446,0.9756169923678799,0.9817282687779394,0.9213977488040617,0.9343379434723244,0.8642351438280506,0.8569347654933994,0.5032442949655215,0.7669102642650496,0.8623321671717242,0.8693423069538597,0,92.17528298179008,29.647034731644915
49,0.7337804866024019,0.7256460939458246,0.9119718640155701,0.9118331657210352,0.8698609439543323,0.8958935099225431,0.8280398164595568,0.8283345770187703,0.4349716615575914,0.7354978721996436,0.7982118379412217,0.8057908242589876,0,67.04993192609217,29.438327713330093
77,0.7173330557163469,0.7177856394020721,0.9282218470673872,0.9304231165513179,0.8729533606683381,0.9021798730588158,0.8071541632614463,0.8089433098252655,0.5023299250397218,0.722583985777298,0.8073916946838072,0.8126211051328831,0,69.73042332456461,31.653468185882225
47,0.7672232499650777,0.7533006379601395,0.9197814444966067,0.919341107884869,0.9392452047302375,0.9530497243540976,0.8483340778199756,0.8473241116073307,0.46372928495457544,0.746655130731815,0.8365412282322241,0.8244091649730774,0,81.48677860348079,28.642738848286754
18,0.7790212083868678,0.7812341943124317,0.9357455790052228,0.9415134910655771,0.9003360217004492,0.9266786517102724,0.8672177734670004,0.8688471637420895,0.5141550544386386,0.7918765067140222,0.8528150034883889,0.8504671107577506,0,88.63640687682093,33.90031714224523
23,0.7308913380191518,0.7337281565620584,0.905749209838533,0.909320202937816,0.8998590521621381,0.9390238038806651,0.825984111934906,0.8239606601211424,0.49915603732209074,0.7590646138143884,0.8312367169460356,0.8284758152321614,0,69.11435749787981,22.06246093924367
60,0.7521133519725649,0.7526342053301429,0.89642980276252,0.8972880868172273,0.8845314586138766,0.9060385369915827,0.7940428587472951,0.7940987872839724,0.47105126610163717,0.7274875654108327,0.8085310131861971,0.7995417975440534,0,68.63398906167775,28.119405768119556
30,0.74002877994504,0.746462721714326,0.9294575479882853,0.9208248999163073,0.9388761874716387,0.9464025424516674,0.8485344544204052,0.8499975224456042,0.4930638793709928,0.7587530665297284,0.8387181690532918,0.8385430977079921,0,76.47120645741778,24.366374245095344
86,0.746461703016251,0.7537774445788594,0.9539824279969913,0.9546690559832763,0.8937696442181369,0.9227836551595044,0.8228402247168426,0.8281014601407926,0.4538875789815066,0.755399699835457,0.8027229378320005,0.7997472640627131,0,81.48975131651487,35.77491774123225
32,0.788647150517122,0.7801389996899437,0.9625183048098532,0.960993597181716,0.9111113472493091,0.9275792883089183,0.8764910689814944,0.8686371292060945,0.49850337837060216,0.7899672824078452,0.841959329774397,0.8430883915596562,0,110.18493670576528,48.39950088944546
37,0.7494696084204284,0.7452299835601375,0.9483410876737899,0.951825876002943,0.8962254563159182,0.9071580161616878,0.825888405533739,0.8201331945042312,0.4653700591332664,0.7544992217087744,0.8503833047183247,0.8543999373254887,0,96.4594556874213,35.39635550562776
39,0.7599884244302999,0.7507947626365511,0.9233206496202214,0.9228320472926229,0.8982252638151169,0.9242038863905555,0.8482428536987398,0.8491896858622464,0.4868884871878796,0.7350701078052448,0.841077322085894,0.8400165145985328,0,69.61724164969077,23.776350617520375
37,0.7112243154488063,0.7181783769960384,0.9263893625859387,0.9295827840212114,0.8817286278974483,0.8975120629432906,0.82523383101741,0.8242635218677975,0.47571475441274724,0.734750820176487,0.8322522858631379,0.8242711754815296,0,76.59840349706528,34.43037183575174
65,0.7475337479223672,0.7487145414681781,0.9376615015427339,0.9460469660945099,0.897505573472178,0.911460561355007,0.8401069826206975,0.8340117717485864,0.5101723336982674,0.7765206999964963,0.8421823296089828,0.8411031515185176,0,70.84367929190554,20.656481528593012
34,0.7568320304615538,0.7498024496513643,0.945883950776353,0.9449484093923768,0.9038654944398508,0.9195727085354967,0.8457905143302683,0.8459076906961686,0.49113151686639467,0.768286693956068,0.8434258841226265,0.8406665916024167,0,82.13050269468884,28.33574554291952
44,0.7855461143344131,0.7779711305001004,0.9727048191344089,0.9711016028465161,0.9282981015196976,0.9391500603414376,0.8956049617536973,0.8984965450017173,0.4998117443732588,0.7686451275435484,0.8485568933599378,0.8464612344693347,0,139.62756459336435,48.40621379775731
35,0.7356692885386539,0.7488488294278774,0.9587105699199859,0.9586260806028643,0.8760216926778867,0.9052083285449019,0.815569731781422,0.8263701279644713,0.46198726652171535,0.7602481405393029,0.8255820510819123,0.8114976666370552,0,70.59641204107704,24.96189560169588
26,0.7559368520110262,0.7456488184604583,0.925314343330679,0.9272555168986273,0.9291985682615889,0.9368936090429751,0.8508544862499515,0.8436508048973088,0.5107009966597139,0.7798215542908757,0.836325126043965,0.8417086980698186,0,69.7713565869111,22.7885189695642
22,0.7442961905661163,0.7560711185081852,0.942212743291303,0.9410086126012096,0.9039241999463675,0.9224373780971947,0.8382631700767273,0.8416503868615497,0.4740304496647104,0.7647635912924436,0.8382397711594207,0.8270510689760867,0,80.04124707792229,33.69896965675443
27,0.7503226977109274,0.7453844885473875,0.9401745949850657,0.9330261613893381,0.8940575017569218,0.9192819430686697,0.8376689368837944,0.8386099546580522,0.4819178621019862,0.734611951455065,0.8275535908245302,0.8299653601940677,0,69.56231889101613,21.349880098689038
30,0.7215859942572037,0.7069910255979277,0.9184594864926403,0.913366599933023,0.8918567906159189,0.9097142791921937,0.8365486033649974,0.8325774163604052,0.4882259050623943,0.7429612307522426,0.8220056410374303,0.8193531807535843,0,103.69491913470839,65.22929643751101
47,0.7487412020105582,0.7474271541853871,0.9749038618700151,0.9738065672576773,0.921482581525806,0.9363770129817832,0.8319219173909598,0.8353578014523476,0.4776977340367609,0.753532707085173,0.8300882669727256,0.82805630023616,0,112.70704374908601,43.63087124095967
35,0.7496804170804272,0.7620216714540436,0.9559886302321114,0.9558306986758122,0.900604962106837,0.9201727605602252,0.8548634025415306,0.8474651433792622,0.4767517521320741,0.7588451111328102,0.831957715790054,0.839560782978622,0,79.63651889632462,35.361360172978664
49,0.777103958739367,0.7822340616883037,0.9712573242932547,0.9743977269666755,0.921183591215024,0.9387005754748958,0.8508209235694468,0.8633244482682861,0.47556005972333915,0.7507541138162465,0.8556261388821218,0.8506198261855669,0,103.48617264119716,36.081671173331394
27,0.736934631148868,0.7373668186509361,0.9131527424560334,0.9107047619516027,0.8912508292529612,0.9118111848138375,0.8276818225670126,0.8213422708640888,0.47634890802244245,0.7370081891694654,0.8353667327923313,0.8333805205476403,0,61.934433731514936,20.009463438306827
26,0.7282856306598054,0.7122797226143198,0.9262264927096978,0.9297725381132428,0.8777747403339801,0.9037695998290017,0.8347625213880381,0.8230280951891613,0.4410434563690217,0.7506808114809674,0.8103878913691295,0.8003644834315573,0,91.56678796285334,52.72426180959242
47,0.7559424203061121,0.755081873072019,0.9697630017239292,0.9666152978947578,0.9424680339613009,0.9547562124469863,0.8581697204281817,0.8703876714427995,0.5071315466641744,0.7715862890010365,0.849203138705753,0.8422291698995519,0,91.30800906702544,31.747279941641857
51,0.7847105660162222,0.7817585067018543,0.990350930881119,0.990185816403447,0.9571280308121686,0.9621634467931304,0.8728135232226059,0.874962366240315,0.5168651023659986,0.8096681407231625,0.864079749712613,0.8592665838726696,0,142.97736014125425,56.31116087914163
22,0.7389931811455547,0.7451378682652068,0.9350199773891587,0.9435567244333323,0.8904252787548825,0.9135799786512075,0.8538196424988808,0.8486656027417521,0.49152051510004824,0.7664411714268343,0.8435853894706886,0.8466459109473929,0,66.44156071186075,17.926876210887965
59,0.7355189472669544,0.7327016523870817,0.9137522748938427,0.9104214110823942,0.8724053092821107,0.8991227320869637,0.8001114502227769,0.7972047298541345,0.458750934538204,0.7835207310348944,0.8069323890588378,0.8183193290771542,0,65.32562067656434,28.625474976721083
28,0.7547454626219554,0.7645394195592138,0.9572432808489811,0.9544978889101232,0.9228057633194053,0.9388759291079904,0.8558913577864773,0.8469685573219813,0.4921844562725641,0.7653681905413162,0.8413212376681606,0.8390520813643987,0,77.51742521675736,20.12580916865222
126,0.7619791647764804,0.7494192462019698,0.9579097295842688,0.9545804729359896,0.920794477324537,0.9266046826762279,0.8202873907753606,0.8248731740085498,0.4829456048520835,0.7529941299390831,0.8276222814599805,0.8203438495501827,0,91.68083950039036,43.65853463483588
91,0.7558628427481694,0.7545273215169405,0.9660220491381744,0.963211611437575,0.9261403701680858,0.9444051809010829,0.8354818087900949,0.8417864837946679,0.48566981656864283,0.7652659417711283,0.8231271864538606,0.8244445281457822,0,100.55960171354766,39.39735320523796
60,0.7452479131211271,0.7452901404659843,0.9321736580166166,0.9213857940206711,0.8768055076785102,0.9048582025632257,0.8148778967382867,0.8149150926191706,0.49144283186657595,0.7517771309595372,0.8083829756922649,0.8183142186128148,0,66.94398521162799,27.021047101675652
42,0.7596913520728127,0.7628552136764122,0.9782994086816621,0.9758530531800925,0.9303180913127721,0.9437287027060624,0.8626057460158126,0.863677871442211,0.5348546866539442,0.7872647200949514,0.8610701028266649,0.863906082981623,0,125.57658442058667,45.39100309993351
50,0.7869794005414146,0.7845918402538801,0.9680414332364746,0.9660443840699385,0.9216827621028655,0.9423389946434296,0.8697308626952277,0.8729484853389867,0.5121076930906749,0.7666945064788235,0.8640591550294674,0.8660087883514632,0,114.47866526083891,39.336643169681544
58,0.7505175803841738,0.7537413379654045,0.925569465658451,0.9305830496848077,0.8880948560644425,0.9128713619040169,0.8209500425772535,0.8166833237568435,0.48211496234783324,0.7254530752648495,0.845095061794795,0.8430744048547134,0,65.15399459650564,21.861141621733886
79,0.7691711728203204,0.7616375995947983,0.9833146087879419,0.9849781636810115,0.9015188790558523,0.9317106972993903,0.858843130341735,0.8662590543338161,0.4820213807508187,0.788307066584706,0.8555530866038915,0.8493482003085876,0,106.62281396500867,34.17676227152754
45,0.7534831040472026,0.7620602799741524,0.9581372006651443,0.95971412095166,0.9248455838677815,0.9286336844912368,0.8453773331791911,0.8483091672654891,0.49720166073140354,0.7778333762976848,0.8618128723484044,0.8540728995587122,0,79.65317132150659,22.705705223579866
32,0.7502043874372409,0.7612356881141434,0.9201573207534016,0.9305561666845023,0.8979604069444793,0.910855406427062,0.8211458210152105,0.8295967068659009,0.472375757338061,0.760226248359771,0.8129282318257162,0.8174913060494015,0,67.6169857495246,23.278711803027896
76,0.7581887874732862,0.7601750829685029,0.9785662889936797,0.9775268382772143,0.912112918990186,0.934249460686426,0.8747343865828456,0.8882362963870606,0.51086782045347,0.7681433800177635,0.8242273482237681,0.8327301813370758,0,129.8360198313402,57.78961902764066
96,0.7747898257856911,0.7774706557455936,0.960973374423697,0.9614405062344614,0.9345154985434141,0.9478550100784363,0.8538680108179361,0.8458359158225579,0.5086143862445472,0.813399554636361,0.8746023951880543,0.8726519341753923,0,94.646767047331,31.38075352285388
40,0.7452847585836817,0.7407135667739976,0.9245917709099029,0.9259505230730194,0.8973121346143363,0.9214580291043974,0.8306161296717013,0.8347522145812187,0.49923370229929104,0.7654825780550416,0.8461608989717216,0.8425797935045737,0,65.32946820387626,25.098472615870183
47,0.7281775331721402,0.7269650112289335,0.8999996967340294,0.8919121714647424,0.9028821424395786,0.9203499724473281,0.8433618246955344,0.8373426013438869,0.44519684268974213,0.7135473881300408,0.8152305161169168,0.8093642742461548,0,67.0421662859535,25.64937115396909
61,0.751159351436278,0.7387180328405614,0.962208089284718,0.9689403984515,0.8827495490492845,0.9055480352203525,0.8266126437398834,0.8407870201235508,0.4830497948235652,0.7356583828182723,0.8262876340226447,0.8296584017923185,0,95.64156136267366,35.69983114396531
26,0.7239087179471291,0.7363322628244829,0.9379785274424614,0.9421956204253825,0.888754375843549,0.9080671492629045,0.804135841248539,0.8063009651163222,0.49300230554281305,0.7668748701828559,0.8456603454729155,0.8503671672873298,0,79.74195263064702,37.150426409834374
114,0.7813155845083088,0.7810989726557778,0.9587435805083065,0.9606101256803504,0.9085726691806529,0.9233277906423464,0.8446343769516181,0.8489737404321304,0.48562584646230317,0.7681139263844587,0.8503245104454329,0.8652417809321452,0,100.41339394495628,54.70020379932005
34,0.7856298439185669,0.7765319360246784,0.9703378048099079,0.9674794376155045,0.9113535772909754,0.9300690307236824,0.8663076665577443,0.867998030845446,0.491247798062882,0.769239639767941,0.8640363474907328,0.8568266537922667,0,85.63286570577196,30.854471394920388
16,0.7443410116366352,0.7451920550753796,0.9230412094634194,0.9252937018174936,0.9161233992196957,0.9227502949124715,0.8271588536654996,0.8207078150480891,0.5052241325501752,0.7512345026392352,0.812960314792803,0.8119157315790357,0,70.5632168148986,26.630397384519725
54,0.7697908646821279,0.7680423243604728,0.9128998242049998,0.9137954259506228,0.8902644168547479,0.925036861102922,0.8253690640880299,0.8343940614981679,0.4966925442458813,0.7422435682292309,0.8435566594453385,0.8404847705652215,0,76.95378691568634,34.915148435583305
11,0.737790381954995,0.7482484515312298,0.8969623588613044,0.9080959415054902,0.9228553928027899,0.9392288327654019,0.8370378597858922,0.8231404286448393,0.4944053359394613,0.7606750344919551,0.8467043817715446,0.8566291226032743,0,73.64248753226563,29.386971137361517
39,0.7353400879152386,0.7332534324186679,0.9614028298495756,0.9616683896400892,0.8879101519059023,0.9076899586989106,0.8333323866721252,0.8372426866247131,0.47669415331356757,0.7556310509286965,0.8233252341323439,0.8203870277907972,0,101.57291109465817,38.65133637596615
46,0.7423626505900879,0.7573034291218979,0.9647197556707815,0.9676464914710781,0.9100800998710848,0.9320678298880318,0.8421508951049685,0.8357901176505406,0.4884159776972795,0.7603017649828354,0.8664587039658193,0.8639198279993737,0,112.18632727156758,59.384595077284914
57,0.7467240573276295,0.742769277291606,0.9374714938275523,0.932734267839392,0.9266397445359511,0.9320751287376096,0.8357412467531498,0.8273054014921912,0.4824489566390588,0.7604420443419295,0.8389283495304917,0.8349609660333148,0,98.90322716181177,51.928412795108706
63,0.7298791873221434,0.7157138386791214,0.939804482716674,0.9418516129456813,0.8872787577939151,0.9191455973710908,0.829005494018527,0.8202540661247247,0.4741260738560787,0.7593248589530411,0.8321574047657312,0.8207044097160119,0,78.76189051230557,33.36074254553803
25,0.7070636274299665,0.7200959272496531,0.9074886938951844,0.896850220790905,0.8485990382986399,0.8751710237114753,0.8049367622869206,0.7974421308018586,0.4403603552065715,0.7400232919656496,0.7942630470482754,0.7953498530470844,0,58.14081436294354,25.385136747249852
76,0.763330691086311,0.7568761073904332,0.9623185229348639,0.9616375805996067,0.8969204232368367,0.9162334472221233,0.841302412582357,0.8328331525717863,0.5108818626111372,0.7609905849478802,0.8377272294538874,0.8417785305468799,0,108.05321240865489,56.863580468047815
72,0.7411060156656197,0.7503425919321502,0.9071970357895367,0.9170781424415906,0.902220234541794,0.9217378699718584,0.8156709837243258,0.8221828787509022,0.489153381165031,0.7232340397531222,0.8252563342616631,0.8256517126384096,0,68.75153636811976,27.702392983277477
40,0.7374899670160113,0.7345676366513084,0.946879963816473,0.9500331883997009,0.9049190515816484,0.9225427414330963,0.8584895916431631,0.8603564023568815,0.49806664462404954,0.7557101760634194,0.8533100176596196,0.8573426188444079,0,96.02827939266824,36.998018981806275
56,0.749815001527586,0.7492456296346894,0.9293202901848295,0.9268427015851161,0.8997806281833205,0.9177946426361401,0.8381187236127052,0.834284338514943,0.4819535907173291,0.7835072487390801,0.8412061201808143,0.8386490270276848,0,78.83735123785533,36.62368256794508
29,0.7496363793804838,0.7470218808814021,0.9193075261927969,0.9103777458546736,0.9050247471802377,0.9246193728254227,0.8693310401619648,0.8653350308166479,0.49925967919405123,0.7318231417263288,0.8360506843706694,0.8346254878406036,0,92.79133971173358,44.28099026453194
97,0.7625340087068786,0.7622407368793802,0.9853443801800191,0.9861866239797268,0.8837142530802028,0.9103917352846913,0.824192965448815,0.8219710792474225,0.4688576519764514,0.7368955658430252,0.8167984181847361,0.8291267633153492,0,182.1129287794196,79.29514927577382
67,0.7424898283133441,0.7494735998667044,0.9042724113636946,0.9035974368876725,0.8990004189545542,0.9245988632767443,0.8202315618705724,0.8140328318315933,0.44407372781608884,0.7241305063340157,0.8197886271595753,0.828729178989554,0,63.08741242275102,24.442423769602247
45,0.7446935623379876,0.751632075485867,0.9390330667533654,0.9433893514199172,0.8991305747124446,0.9187206338392483,0.8389487809685628,0.8381618588363327,0.49295772758646633,0.7669114363195122,0.8423238662961606,0.8538296031224439,0,71.17171857589001,22.260858720365597
41,0.7724709369488385,0.7669169933283824,0.9654051110409803,0.9631067418458775,0.9459294650099511,0.9521961268544749,0.8717407413465278,0.874438830349899,0.5033977178963364,0.7721106808109486,0.8771833910180463,0.8846627198387816,0,102.83175332915162,36.71711377110169
43,0.7570712062963254,0.750297021006636,0.9348400482722516,0.9390294210626493,0.8828510669982267,0.9142417752141296,0.8315725338446449,0.8236809107339353,0.46555060363469575,0.749730219578449,0.8348374995423259,0.8300600980698382,0,86.28097691703118,41.29403131014809
25,0.749758171787983,0.7532317013071961,0.9530379357847408,0.9470003765707421,0.8960918647356517,0.9208354156346533,0.8442106003384185,0.8524338054253192,0.4662995715057463,0.7590566319362153,0.8441601579919729,0.8402235626894264,0,85.83242141353668,34.1827342543567
63,0.7398776129263773,0.743107488489159,0.9569440642634892,0.955186122432638,0.9263995815713272,0.9434355903461003,0.8469331689742139,0.8529056396321429,0.47932766239938485,0.7797758259873872,0.8384231991727756,0.8342217314007485,0,103.27000601590554,40.547406581556054
55,0.7707406961870688,0.7760273540293053,0.9572996130013911,0.9649642145767975,0.925610914732967,0.9435782493726947,0.8526529218444108,0.8457499596879007,0.484405578798613,0.77243528235096,0.8606709407349168,0.8731712034308241,0,98.27389899168352,30.71223237309946
67,0.7485078475642846,0.7432945426422441,0.9033010930125219,0.9093870661598817,0.9136336117119721,0.9170733797692996,0.8393297229737553,0.838170173297388,0.5057009959705948,0.7609657190690586,0.8169377514562675,0.8191805433352584,0,87.03033839588642,45.51395734413356
64,0.767265896775091,0.7668716691200237,0.9509037728810539,0.9547533917717231,0.8980131187085301,0.9177886295927967,0.8524629373496556,0.8339733065957388,0.5065820805172753,0.7506277618630909,0.8393520236317843,0.8454105641158763,0,78.59609136060817,28.10543980347733
56,0.7379436195537576,0.7368994153947895,0.931975022881835,0.9316590257422928,0.9205683369175655,0.931338085310217,0.8361275036046598,0.8326383557916249,0.49651196356606087,0.7751449034726928,0.8449429632388253,0.8457187484652239,0,72.93838951828775,23.32328252630237
53,0.7186981804433945,0.7267584376482269,0.9222057569682496,0.926255726896721,0.8971849696505119,0.9214618870698216,0.8341911670520383,0.8238624017990722,0.462940687003964,0.7409194643727821,0.8210051757091281,0.8156686786375861,0,66.90252027896075,25.52851775411809
86,0.72980756786154,0.7397851325960724,0.9537799002843492,0.9468081846743458,0.9081787911631948,0.925890635357078,0.83240115746144,0.8374259022240179,0.4889228254478011,0.7425703268115698,0.8092728646976379,0.8074148199293468,0,96.72790577108732,54.22588862989683
56,0.743852140962429,0.7490520864354132,0.9338715801449984,0.9333387934284972,0.9144402905144577,0.9308306754959281,0.8292852225872546,0.8276989707796787,0.47348111853660546,0.739930202936725,0.8365034081991632,0.8409387737159716,0,78.7944069068951,26.573361640802464
26,0.7334784178634901,0.7389705716322458,0.9240504429509269,0.9283201848614013,0.891663743785516,0.9188012411086247,0.8391459310622876,0.8388231740188042,0.4790617875227599,0.7864876825921737,0.8621581706567335,0.844920374052614,0,79.6447119604481,31.802104877655648
40,0.7535823486256065,0.760919661268826,0.957336000536826,0.9580704999514257,0.9185950642101641,0.9379158415836085,0.8511174548627256,0.8414988015170695,0.5028518072591939,0.7624814139369637,0.8378266391430148,0.8369460772418607,0,82.74769136976442,29.703374758980733
