uncompleted_cases,Resource 1,Resource 2,Resource 3,Resource 4,Resource 5,Resource 6,Resource 7,Resource 8,Resource 9,Resource 10,Resource 11,Resource 12,total_reward,mean_cycle_time,std_cycle_time
1089,0.9785746723089854,0.457443443853396,0.9717524403229736,0.959125935059655,0.9993230110263239,0.0,0.9513216415259871,0.7419272789786624,0.7070586600285732,0.686212445667004,0.9991395933080331,0.1064775507303487,-5445000,1097.988616585528,629.9823719430656
1004,0.9738547269176601,0.4554388386732943,0.8692746025848128,0.9576435984966585,0.9997519027607888,0.0,0.929480890651331,0.7426547230438089,0.696856009580289,0.5896881406594949,0.9992123025247085,0.07955101597788278,-5020000,1035.4738534299704,574.8225089297986
965,0.9799972650391362,0.4442007447696196,0.876544700018957,0.989175936602777,0.9997714224465614,0.0,0.9663058511562829,0.6981542617242145,0.7424738328574401,0.5932874899387233,0.9999779269352969,0.06660600027955488,-4825000,908.5148846281048,572.1579520254141
1032,0.9758753240636721,0.4484714106157939,0.9269884406111251,0.9981844267180335,0.9998052272172355,0.0,0.9453449044295923,0.7526978654827884,0.69277268590276,0.6310931431315747,0.9997905157178868,0.048783858527114574,-5160000,934.2676522217288,570.5778500715859
1030,0.9790957021604412,0.4462860820107777,0.921442838500721,0.9937585754341519,0.9979259606200094,0.0,0.9217556870967124,0.7963209142272245,0.6959324830462721,0.609976241672865,0.9983925229906364,0.08435462546016786,-5150000,959.6817094176387,586.9999137854348
1063,0.9752851646812133,0.4605425463975904,0.9849007447480146,0.9962298871644912,0.9940484675525421,0.0,0.9253051855026799,0.7868786484767748,0.684787826138786,0.6367129234281284,0.996665395241587,0.007045735099456558,-5315000,1083.147899955695,620.4301638024223
1169,0.9794956847459464,0.5063752439350869,0.9782261178019862,0.9998925324196167,0.9996984169018327,0.0,0.9524314862595246,0.7527762944794582,0.690421640820402,0.6849736522891806,0.1298233779501414,0.9614802267009065,-5845000,1174.1237125046032,651.1270144970633
1086,0.9844651490326946,0.5128243338858444,0.9526972490790997,0.9858030371645514,0.9999718524667487,0.0,0.9073987965201897,0.8448616071651742,0.6968758614192995,0.6385096132118724,0.9998839876402835,0.042322395582533735,-5430000,1088.7286989738843,634.0379604174401
1099,0.9851560102942183,0.49295849925530555,0.9443492169281457,0.9648349390597414,0.9984131159992073,0.0,0.9438858405938134,0.7810988611030565,0.7433075808046057,0.6170840226283821,0.9989419490965075,0.05678016455133038,-5495000,1055.2318079249576,612.7980049326989
971,0.9832955531399122,0.44572930576035524,0.8883042019801322,0.9643454207169734,0.9998866380526188,0.0,0.9350640118170152,0.7285389263006586,0.6655932768722576,0.590488167570862,0.9977428634291465,0.05326821071627586,-4855000,1047.3114045136685,599.8879477293178
933,0.9767654997215246,0.42050254679998217,0.8759911438101077,0.9707236853623241,0.9998005070345274,0.0,0.8862116422326654,0.763808000866702,0.6618536103249346,0.6170600730278836,0.9998005070345274,0.029268440685851414,-4665000,1046.6882872417075,574.782159178532
1031,0.9834351589546237,0.4418532829783054,0.9102774343023661,0.9731903187107545,0.9997635549458415,0.0,0.9468647396379726,0.7377639704906466,0.7298073443888501,0.622931224622228,0.999690384163624,0.09520717866863088,-5155000,1025.4647799816632,598.5852437559943
1000,0.9863020616852087,0.4278184540909526,0.904911110282997,0.9616541919263074,0.9998122591876665,0.0,0.963962380203032,0.6958311712860796,0.7077060583037924,0.6066706674216046,0.9997820579608173,0.013332208684845049,-5000000,1008.4637461256965,596.3616815312034
1066,0.9785367418800955,0.44549116483926166,0.9170826387464313,0.9679617498595102,0.9991381476253982,0.0,0.8857248609147793,0.8124569884026919,0.6820184032728008,0.6119597262075581,0.9981071098158901,0.018791964207565893,-5330000,1089.02702243151,627.9908445607136
1000,0.9760533627396198,0.4374760362326547,0.8630768624625189,0.9793526364883021,0.9998932876345574,0.0,0.9389725747047504,0.701547563289298,0.6816429272863961,0.6177234322251502,0.9998932876345574,0.030555684443911248,-5000000,1036.0312457409796,592.9954158897759
933,0.974193338744676,0.42292693316510105,0.8911281119610245,0.964974283133432,0.9991704334510517,0.0,0.956196800586849,0.6694616772229987,0.686957349805486,0.5589569517590351,0.9990638016594962,0.07355456668831573,-4665000,960.777729956399,551.9739787338398
1087,0.9784260234250519,0.5188164433216697,0.9316957174900774,0.9853608448563335,0.9970871440918039,0.0,0.8878256344002909,0.800774503578546,0.7355534250661431,0.6553811617748049,0.9959831170518615,0.013375462070996874,-5435000,1049.9010405135314,630.1756283745636
984,0.9728924417589445,0.46188458791466835,0.920030432705645,0.9724215327317405,0.9999612999828865,0.0,0.9222058915763466,0.7379091977839877,0.7188394723071744,0.6313999345190535,0.9978881944126539,0.019540835959848474,-4920000,980.4445749340376,576.4737093917477
943,0.9741735342997323,0.4319293082559535,0.849719862439356,0.9746658466165894,0.9976836849960521,0.0,0.9632837708306045,0.6674765038144879,0.6749519197468815,0.5887399213701239,0.9982146164105848,0.0915398896874859,-4715000,983.2330494849137,589.9505697291102
1093,0.9779417245549271,0.47410057102960584,0.9608928539316858,0.9569878479846229,0.9996698847625496,0.0,0.9369411425232829,0.7635101205564717,0.6884898317222462,0.6546078890065323,0.9996786678938193,0.013190597303216726,-5465000,1063.0729810978362,604.201818928116
992,0.9786777066221429,0.46071155882811693,0.9254256666237388,0.9861459516810602,0.9988463931153354,0.0,0.9342114410137575,0.7542176143486067,0.6688893977337345,0.651367324094891,0.9990736142894963,0.07537910268951502,-4960000,967.7383523008165,551.6299585917548
1041,0.9740314653905469,0.4572682337439766,0.9388488415145594,0.9601395179239295,0.999508300093067,0.0,0.9265820339566768,0.7914064578797699,0.6641130454500733,0.647471104942186,0.9991398303220885,0.026304636662968055,-5205000,1038.3353562363075,620.9853332096138
940,0.97707251424474,0.45925982067937293,0.840653289807099,0.9545720339928677,0.9996296723402229,0.0,0.9066503346961208,0.7561795564313621,0.6678021674886865,0.6112898011754996,0.025761697072915285,0.9933642096695525,-4700000,974.1666319667942,555.2465823724591
963,0.9822862070744275,0.49004581966998684,0.8699973330118038,0.9732139996644491,0.999686412810995,0.0,0.9604794305291898,0.7032746767756471,0.6679381052901763,0.6011507975835058,0.9994218688523792,0.0685000566639948,-4815000,1022.7303749784876,568.7487463166359
1067,0.9810108476217616,0.43643652821734924,0.9191709422318987,0.9787458945309035,0.999921489430478,0.0,0.9222333999147427,0.75308863929074,0.7138223144072227,0.6244017186675417,0.9983960572292327,0.19419935002090377,-5335000,1093.781355690068,611.2241883206154
906,0.9769552500430596,0.38535493106480606,0.8239029213700305,0.9924622018738782,0.9989185334339651,0.0,0.9751802025499181,0.5730809744961403,0.6794666351666973,0.6015793100623682,0.9995588660059306,0.15543926390264218,-4530000,914.265846080767,551.0414475403027
1074,0.9835598615571931,0.4922968748878907,0.948541758141759,0.9719028885328642,0.99889429745381,0.0,0.9368275132499917,0.7570353463810329,0.692949254128496,0.6587163260831601,0.9984136619865339,0.039757017548475944,-5370000,997.8263124135702,555.8955101943441
956,0.9715903099871488,0.472747733174944,0.879533632251198,0.9746121861502288,0.9987654887003385,0.0,0.9451814262019212,0.7279153489820925,0.7720087063569342,0.5773699520844886,0.9966939108407201,0.2945411791909221,-4780000,924.8765297432228,530.1905169696079
936,0.9729146874888477,0.3870442330788573,0.8571008855330274,0.9811115552891677,0.9999376523413135,0.0,0.9715293616126947,0.6464719475448475,0.6920179021869058,0.5943923338687768,0.9970345664953646,0.0887236089356137,-4680000,901.6363088903774,541.2583196606618
1022,0.980471562453724,0.4655224562805244,0.9088809307123045,0.9797767326292347,0.9999755757405586,0.0,0.9240084786687117,0.7686400000803518,0.7177399015624741,0.6163694055527739,0.9999755757405586,0.04958250819942452,-5110000,1065.8122410436442,593.0815251985614
1066,0.9771043875193817,0.48394205709587196,0.9541565198481888,0.978693760906655,0.9999088328332711,0.0,0.8990082448400539,0.8428963372118745,0.7324847329986521,0.6522667029612348,0.9999088328332713,0.028757975842334527,-5330000,1062.1298838709922,607.5893248682443
1003,0.9802101542204044,0.48227506187203234,0.9151355581262769,0.9913189057596301,0.999831931209088,0.0,0.9715082833080256,0.6645700288615192,0.6992838274238259,0.6643671138144515,0.999723958702382,0.03786357132377144,-5015000,1022.1353554365835,613.0225872525626
1031,0.9790450015993909,0.4726185964354938,0.9389455266570661,0.9636583276444599,0.9997768054987515,0.0,0.9176888783481241,0.8014132843636548,0.7195457990607511,0.6272941699819716,0.9997768054987514,0.023357295680589748,-5155000,1035.2023083929712,590.663686956384
1056,0.9811339331117673,0.4511471348489923,0.8794401220247351,0.9767475679663136,0.9975631565035251,0.0,0.924453756050545,0.75130418536444,0.7017208439111913,0.6576077044808497,0.9980971327751375,0.0350571704014981,-5280000,1079.6692376812814,593.4251665446807
1089,0.975508555788424,0.4532224320997192,0.954372582837594,0.9893015665185194,0.9978619536167671,0.0,0.9651569803772678,0.7538189693100493,0.7374996045813587,0.6455647629814625,0.9979585163959931,0.025053744819932704,-5445000,1105.2908716803795,654.9177398752192
1109,0.984266135888504,0.49243618701038333,0.9730870828955173,0.9967791385888277,0.9996557086636513,0.0,0.8606023081481966,0.9088962325264892,0.7409630109162653,0.6365346991681822,0.9992705180570367,0.08258696863645852,-5545000,1130.6794174044055,625.1433019560579
1002,0.9698546049663986,0.43103005660682564,0.8390367630160103,0.968115453814789,0.9980724676133624,0.0,0.936655774135338,0.6942832319154051,0.7169451661631401,0.5914528310466207,0.9993542261624707,0.1331053030935206,-5010000,1050.5238124573516,574.0624482796674
1083,0.9871160797122056,0.5069009942641939,0.9280529962648332,0.962539267165804,0.9993944470478756,0.0,0.9431293153205632,0.7996863521400848,0.6760272153648262,0.6554288539717407,0.9993944470478756,0.03201148294021706,-5415000,1058.3270808663126,594.4111024872002
1024,0.9814862888461346,0.4477723930013098,0.9200894952704568,0.9741613473356466,0.9990530686306173,0.0,0.9372482989739156,0.7624154652481335,0.6688795685566591,0.653511023083177,0.9998296559854063,0.040703981989460646,-5120000,1001.3862258108403,549.4110117418506
1092,0.9780358769670758,0.48805950049079566,0.9275406622210987,0.9850747530239865,0.9988161781140736,0.0,0.9262327280272672,0.7911415308822536,0.6926567729584313,0.6876128155514539,0.9984635866218261,0.004875478545646692,-5460000,1071.9636275969065,604.9007535259983
1042,0.9720758838542602,0.42368873890541,0.8545721358002264,0.9993956308990458,0.9992809949574055,0.0,0.9617828188107226,0.6767746662770221,0.7075800279592436,0.5944356709354445,0.9976735438446054,0.12928360220903157,-5210000,1101.0964297713401,654.6222595874287
1062,0.9798933879511871,0.45981800882251783,0.8931397304860768,0.9698035138758918,0.9999781905637471,0.0,0.8974850886108865,0.809796628618855,0.737660976766743,0.6150675930202115,0.9982100794273736,0.12927589601867193,-5310000,1015.943178776092,548.1361705402504
1065,0.982157975212682,0.45615069332864644,0.8915100737612597,0.9809050129526288,0.999604383396806,0.0,0.9365917036863323,0.7087959842077819,0.678664546212709,0.5963284234639395,0.9996653920796931,0.055147342534442444,-5325000,1077.2669329542255,631.0538422136739
1082,0.9824176651934585,0.5116515079342492,0.9407207390257935,0.9575029709647817,0.9991549975616169,0.0,0.9253410541486563,0.7868871146244499,0.7060771307444366,0.6617492615678546,0.9974252608042412,0.01968000968748628,-5410000,1070.2443403668874,593.8709358137543
1023,0.9753609132252015,0.49216383825768434,0.9389413209229142,0.9891735355461339,0.99945866205364,0.0,0.9377593310702863,0.7590254402876513,0.6959070628796079,0.6444736659760493,0.9976232738736865,0.09919615517569147,-5115000,981.5216623088542,562.8768985785814
1049,0.9708800702037621,0.4403880957817999,0.9653908540140019,0.9819791810634324,0.9993488880755127,0.0,0.9462570130384567,0.7360725964582432,0.7114693016697323,0.6140603813789401,0.9995370391078741,0.08426950622302083,-5245000,1121.8573412547573,644.3133402061708
1113,0.9780599967934335,0.4746134214980698,0.9753220612970864,0.9665061489575585,0.9995994171488601,0.0,0.9422256340931879,0.81301009218212,0.7286234636340365,0.653227467050421,0.9979413150547065,0.05557114478782711,-5565000,1007.719142987586,616.4363721734943
987,0.9842968597502748,0.4454732040078752,0.9078761554693576,0.9846084087765421,0.9988756954852506,0.0,0.9274222764530461,0.7064931535876203,0.7316672899658023,0.6035555472244483,0.9986554684536947,0.05262546802144032,-4935000,962.1518561905925,549.2188728133099
1114,0.9826440221640447,0.4499376445909629,0.9297808636802645,0.976118087032827,0.9995534130371369,0.0,0.9135101353133807,0.7745285290102175,0.7366833219770444,0.6222100912610049,0.9972664760204969,0.06282369089319337,-5570000,1053.2076707030158,609.2865966715204
955,0.9636798307763618,0.4315649124367268,0.8513764196750658,0.9644392219539163,0.9992364997269133,0.0,0.950776038780655,0.7169981843175909,0.6643943813967234,0.6600633314778074,0.9994875194998273,0.10125499210967126,-4775000,956.2348471596339,583.0648262579674
1157,0.9749494403893098,0.48524998000525166,0.9611360211174064,0.9911466392547825,0.9994578371107323,0.0,0.9117942687525782,0.8313632273547926,0.7401301227897373,0.6365899664842811,0.10628212061448941,0.9760672126716349,-5785000,1210.0532380225895,708.4632809702968
989,0.9755537805159609,0.471948688287296,0.8578655151019954,0.9728521008988442,0.9991781571253072,0.0,0.9662715247234827,0.699403486911528,0.7188314294461996,0.5961713731105148,0.99894052500775,0.045798987939600556,-4945000,938.14238599778,535.3749972231717
1140,0.9802051159878296,0.4584590452492968,0.9264561969222039,0.978516974251885,0.9997282714711994,0.0,0.9184240172815855,0.798198348989225,0.713360218984144,0.6181316989663757,0.9998188191437314,0.07349435394504472,-5700000,1172.3039492067608,681.9062141033303
949,0.9860590000123166,0.412094518048228,0.8480648548297187,0.9742668218591142,0.9998646203582195,0.0,0.9525180517949773,0.673989255630965,0.718066684363662,0.5897535820876566,0.9998040805752842,0.030668286205353355,-4745000,1007.2249554932339,583.4891464488147
1057,0.9781865509383515,0.43575320597825884,0.9470990389469768,0.9725052389166081,0.9994496909915329,0.0,0.9144859167307832,0.8280328181163088,0.6981613127378917,0.5933165496069719,0.9994496909915329,0.06040904537422815,-5285000,1128.1795559062998,629.2838199836012
981,0.9713506667284426,0.39112242729902236,0.8162814159489216,0.9797456721464533,0.9990727336451729,0.0,0.950962329263392,0.6672004686220018,0.6620423627602773,0.5973074281221464,0.9993038667127827,0.19281566291153224,-4905000,1043.8259638047455,596.2290380162876
983,0.9697940094463006,0.4687854471363702,0.8932851709445285,0.9790854998936378,0.9996768064904369,0.0,0.9223466516504368,0.6999537721989908,0.6769156643628154,0.635878703531447,0.9996768064904369,0.007245358004716693,-4915000,1035.4130545673484,582.0160785920787
1041,0.9714024907703656,0.45333765027981043,0.8979597622847773,0.9771655184522698,0.9995519166622291,0.0,0.9187549115135003,0.741706330000403,0.7105649428521736,0.6062076073390437,0.9982752165953305,0.07663295587489137,-5205000,1100.1950927100922,606.9755489393314
1037,0.9719707870188271,0.4488360453028747,0.9420610533520573,0.9624269847415015,0.9983500835458564,0.0,0.9100073030390163,0.8076233588554032,0.688115711846164,0.6481739615889752,0.999834368652395,0.03148269465920735,-5185000,1051.4203567923166,585.0126855221141
1125,0.9852205682785395,0.46368025525063206,0.9572320444451385,0.9904586233776148,0.9997208924623293,0.0,0.955359534203592,0.7905561341475695,0.7388645694376097,0.6388984517786768,0.999738120859383,0.0896657560276801,-5625000,1109.6049008979926,635.3624104699352
1040,0.9745868230965582,0.45248234813311256,0.8941515593014512,0.9550786570270239,0.9981915405257658,0.0,0.9400173445282173,0.7184232131354062,0.7051539026963063,0.6106869000344279,0.998053187364684,0.1241289969009511,-5200000,1015.5933264992846,621.6722513229154
1051,0.9881751114923732,0.5062182517523753,0.9868776164879152,0.9980234732098711,0.9999916883017719,0.0,0.9105178975030567,0.8412051881896816,0.7358463103466438,0.6287430105305536,0.9999916883017717,0.016330136616322325,-5255000,1061.0312852134118,609.0432298158237
1129,0.9855340386024302,0.4806270067013017,0.9944934216017024,0.9998121013477281,0.9998121013477281,0.0,0.9225177832008461,0.7978135139061296,0.6867546709274024,0.6769855886850246,0.9996613943188153,0.005224936052349466,-5645000,1122.7899820933817,637.0655060809169
1013,0.9702881890204362,0.4584208384182314,0.8931635784070904,0.977078574107898,0.9995715696944644,0.0,0.9482782128736038,0.7084321102023142,0.7015454733820385,0.5905329407405855,0.9998629667766185,0.014618199534878237,-5065000,1033.6862895971701,579.0630991125918
1067,0.9681894893685634,0.48633245277577736,0.9482899011281198,0.963785683785177,0.997090832782615,0.0,0.9146956662597872,0.7734411837620058,0.7100070561374766,0.6215144833029748,0.9994878107711578,0.008292797621319537,-5335000,1080.5496167240506,593.0359488838641
1075,0.9729411556038078,0.4474297664671475,0.9628439313989277,0.9887715407521258,0.9982004849482009,0.0,0.9158254217069751,0.7948741742120554,0.7217326604886043,0.6304009428547687,0.9988501533732252,0.011311574062815313,-5375000,1004.8401056174598,617.269040143924
1038,0.9708247098139636,0.4577607351620648,0.9599006603858734,0.9904940255669901,0.9999552587873445,0.0,0.933432221746072,0.7846684886569159,0.724342052032921,0.6257832012846314,0.9993457943327996,0.09276851910083307,-5190000,1024.8339840627584,595.665907322876
1067,0.9781933183973226,0.4827923244021187,0.9514491410629851,0.9812356214455397,0.9986855831522835,0.0,0.9588019632632321,0.7433069985767757,0.7179766403044384,0.6351638832354489,0.9994711202539928,0.014456541423617932,-5335000,1014.1442820094057,601.1065156282463
938,0.9749300568164337,0.4316003845935471,0.8954494127064462,0.9679589044444208,0.9979825817645182,0.0,0.9283515359418206,0.7004075676653029,0.7154012847191763,0.5935440236089747,0.9993277518229561,0.05952310289656544,-4690000,954.7535591721803,543.9229133598113
1136,0.9837617576385781,0.5008716370147366,0.9435139031747045,0.9820775771759006,0.9999159803669161,0.0,0.9295374159794688,0.7852101667370633,0.7236941626265825,0.6568374466818224,0.9999253089596074,0.027524943727609753,-5680000,1119.133965295437,666.5746836958692
1099,0.9778865267045618,0.4828881448404937,0.951578234294946,0.9920336654007604,0.9996385446201084,0.0,0.9134628238546025,0.77228041779749,0.6697723420615511,0.7066811550996821,0.9996044523909478,0.026653778537689233,-5495000,1032.885031489659,588.0073804755502
1049,0.9738407905199062,0.44956670944391436,0.9262757242134785,0.9906706022015936,0.9985400731557198,0.0,0.9381324165152904,0.70512412322628,0.7127726367512159,0.6059927972570819,0.9983866446699831,0.06872784830790725,-5245000,1107.5877084303088,609.4734086560287
1063,0.9696943553494608,0.48950237607974334,0.9434940590137734,0.9958117626983394,0.9992166342248502,0.0,0.9278023557817673,0.8235972241711844,0.7060492899618597,0.6381562972119034,0.9986120761823051,0.015814116161924317,-5315000,1044.8264124518878,583.4659240723668
1034,0.9765702891923054,0.49654408845157777,0.9223108669921477,0.9758867919910307,0.9990052193068714,0.0,0.9225039889879821,0.7895945271372271,0.7238941307093197,0.6207218011737689,0.9996136982494647,0.02579056227343955,-5170000,1011.1150824566416,588.5853420504235
976,0.9695646661755764,0.4055602144067625,0.8538569105224812,0.972313727846396,0.9996511031981877,0.0,0.9489825122880439,0.7333135871488398,0.6793310249987676,0.5846669529693735,0.9996511031981877,0.025514078908272866,-4880000,978.5734024313491,583.1320483789987
1004,0.9727481052309725,0.45255684154937925,0.889531188736766,0.9634028134818345,0.999342427923364,0.0,0.9142700585114151,0.7612174992555211,0.7005289083571578,0.600419240320915,0.9998905583543017,0.00455035103542691,-5020000,1001.0678431223821,557.9988825586249
1005,0.9712765702153667,0.4188082067390007,0.9245431184178983,0.969595290563802,0.9987721250252842,0.0,0.9682320748888115,0.7076682274743172,0.7276394821254972,0.6184534175250679,0.9985580286454592,0.025008562533817825,-5025000,1059.407340543515,613.6758146497838
1125,0.9839740291106375,0.49435012939264145,0.9502891232319124,0.9818896812872947,0.999190092761518,0.0,0.9167644196120575,0.801122531719459,0.7682923194994813,0.628324917057159,0.9994119088927828,0.03810876100474152,-5625000,1067.7023492801275,603.5236734768702
1006,0.9770305540029609,0.45095171727566985,0.8686257023251561,0.9784441771644915,0.99912550401637,0.0,0.9480920008089646,0.7193821431116572,0.673488584340129,0.641129601484447,0.9986560698468567,0.16521943150498886,-5030000,887.452865362553,561.8082618672408
1024,0.9758515162002049,0.4728038436169325,0.9480698105897458,0.978013514572122,0.998773889338076,0.0,0.8902278222457511,0.8630639891665857,0.6993061526734061,0.6394225092207682,0.999990805451915,0.034069996462075224,-5120000,1031.3567512569152,576.0248874755703
1094,0.9734452845685486,0.4655189430016144,0.9103284957614518,0.9606651199760092,0.9997631628163818,0.0,0.9397126597732962,0.7667363620355446,0.7224033032741065,0.6087064825143246,0.999176998427291,0.012716364404555912,-5470000,1132.5097949808708,646.3973516678125
1110,0.9736108778341317,0.43794053929968324,0.8921586170593723,0.9992411379230334,0.9990204462832236,0.0,0.9171754465269715,0.7793460659928694,0.7122105895277836,0.6362305144709574,0.9975169459606307,0.006453170623079286,-5550000,1012.3943726829492,627.0128201136299
975,0.9819313443360456,0.4702950355958989,0.9091960574087856,0.9768635986393117,0.9991136295537888,0.0,0.9544892053981241,0.7081921353493721,0.7266494440331992,0.6417781710295362,0.9998834878862808,0.04349711762613701,-4875000,1061.500656438819,605.5015678006881
957,0.9755674186258427,0.47754944451546444,0.9011334200854191,0.958365849058889,0.9997727381969186,0.0,0.9616866599607831,0.7042914403702333,0.7032793398401199,0.5620605154945875,0.9997727381969186,0.0195730225619387,-4785000,1017.7301086061063,574.7850074976985
1070,0.9804578029767185,0.4646207870424477,0.9029084614918261,0.9760699884701937,0.9995033336499771,0.0,0.9379939424753604,0.8453778828085413,0.7264527956988958,0.6427916976941718,0.9995033336499773,0.15846842421761634,-5350000,1053.4501145272773,605.5476792030419
1070,0.9766751758925629,0.45754899779306163,0.9014104965183957,0.9667378470123884,0.9999075632334911,0.0,0.9470472852293164,0.7663474506237169,0.7091967344461299,0.6126785437132867,0.9997667090457689,0.032071733330547386,-5350000,1035.703918842769,629.1670846519085
938,0.9732009056248057,0.41901655820057965,0.8792712124156619,0.9756737696070104,0.9998645155402505,0.0,0.9320657446346169,0.7152671776932388,0.678161599418565,0.6101789063451589,0.9999492760163566,0.0181787425233654,-4690000,922.644415420509,544.4781401289742
943,0.9801678063312249,0.4104451837989691,0.9002636552742342,0.9476870625543402,0.9998709155144601,0.0,0.9388452309822855,0.7109154323166565,0.6913906224956485,0.5694869860924536,0.998329841360309,0.03920300038359329,-4715000,994.004296918293,533.9485329653428
1078,0.9691015415877008,0.47818341234548734,0.8967874117289119,0.998503629046364,0.9998586347546188,0.0,0.9222672484185185,0.7783797767072567,0.6839225153585369,0.6347422593060337,0.9998707327363234,0.04289701955615581,-5390000,1162.8845314870223,643.6002678303107
1030,0.9754000255824445,0.45920268884062115,0.9445342945385039,0.9992189713075439,0.9979302297464159,0.0,0.940498004966438,0.7409046764054715,0.6734759122425931,0.6681593726001027,0.9990754619017577,0.01284934107472925,-5150000,1066.5363984325604,574.5680041814036
1075,0.9712048491942145,0.4870914358653921,0.9318973658767243,0.9987999566347844,0.9987999566347846,0.0,0.9372717359187185,0.7863235611357985,0.6914473984721262,0.6297119992437374,0.9987362189570304,0.05900875912434607,-5375000,1120.0596833382372,633.9713784740455
1044,0.9734485926839425,0.44821680399985114,0.9289600898326235,0.960392734575521,0.9998979969515785,0.0,0.9453996587956522,0.7266787079543436,0.6753455396208434,0.6266534797556598,0.9998979969515785,0.04527059214244186,-5220000,1031.627551775585,599.803012057929
920,0.9706511607160732,0.39399586688836363,0.8781158056955748,0.9798110293290578,0.9980566294529057,0.0,0.960544800792567,0.5958984707922227,0.7096609497489057,0.6052684585411101,0.9981043666782995,0.09087527738550323,-4600000,924.0235479469856,555.3934640873845
966,0.9766712408914605,0.4342485660561787,0.8560441665287595,0.9539887927260133,0.9999076702760833,0.0,0.937607623423472,0.7375299543214549,0.6841820485849461,0.613020769807975,0.9999076702760833,0.013622966998799472,-4830000,1082.8252941317348,590.4003895397946
1076,0.9803561921182563,0.4543566682601423,0.9046386399911142,0.9937299108793383,0.9968353901809085,0.0,0.9081449095315349,0.830001241658555,0.7038810809461488,0.6692975542677666,0.9976568443329789,0.07484656602526928,-5380000,959.8974898594597,584.512622589049
959,0.9745498997828123,0.4478905403454187,0.902187636879652,0.9653353993461101,0.9988537062515501,0.0,0.9537389323741908,0.7111620716050892,0.7139756793060751,0.5806875996980473,0.9991090628418802,0.040276600061899606,-4795000,1006.5160794404914,548.8758909946157
958,0.983920668356465,0.48654487657429374,0.9024065581771024,0.9720802881924739,0.9997912605791094,0.0,0.9707223148181449,0.6994253520694693,0.7347687718382222,0.6106230088299838,0.9990186946243365,0.04339511035164096,-4790000,1040.5811315708881,576.5882601665718
1071,0.9770436095844367,0.4999400120153561,0.9440710951201366,0.994001722306909,0.9998981788629792,0.0,0.9001440607634655,0.8317592784144688,0.6791820181982766,0.6718406953313242,0.9995802475278227,0.05124675736395553,-5355000,1066.5068620459022,624.771156916348
1014,0.9806062662796128,0.4383411396424306,0.9063686514777141,0.960218649168016,0.9996882084289762,0.0,0.93207418593177,0.7919179747016093,0.7056301519612614,0.6390273927242284,0.1686590727481316,0.9322965576831365,-5070000,1003.3545187312865,583.0770937772537
1026,0.9782069385641995,0.4395353495020092,0.9272558847915058,0.965111030163613,0.9998218361139743,0.0,0.9406363280856056,0.7306238990222009,0.6429004025465547,0.6538922142117125,0.9998697191777998,0.007271646461173292,-5130000,1012.5386917204153,588.2916582591757
