uncompleted_cases,Resource 1,Resource 2,Resource 3,Resource 4,Resource 5,Resource 6,Resource 7,Resource 8,Resource 9,Resource 10,Resource 11,Resource 12,total_reward,mean_cycle_time,std_cycle_time
28,0.72508183531843,0.7371175129688229,0.8999020223759446,0.8895544433252915,0.9357827461229996,0.9190491981292087,0.8514431537077831,0.8461635511372811,0.4316412187269714,0.8121699735898871,0.8262802494838024,0.8301996477014977,0,30.047328505980882,16.461874623210043
12,0.7347568001845439,0.7516718105192242,0.9208408573544852,0.9321478453637537,0.9648375099176992,0.9628875978926362,0.8763126096442732,0.8776162084600868,0.43396428026215245,0.825910619437234,0.8493075939985724,0.8579250233329682,0,35.70153427065844,18.70090611478397
17,0.7254269413235831,0.7329493552739355,0.9059345158623164,0.911434753894301,0.9165305794013373,0.8996873656150949,0.835256227867453,0.8296520690132327,0.4184947965304322,0.795694490035362,0.8371770846871114,0.8290590321792856,0,27.125993219532592,15.270022128664946
6,0.7282589787478795,0.7323972679490437,0.897712719167953,0.9067795608525421,0.9012414338492146,0.878889808021627,0.8327499168743605,0.828447548454613,0.44040557365711247,0.7932919676123881,0.8228529193858407,0.8216282954690856,0,27.658412649742328,17.62513846722938
33,0.7128182010679703,0.7442299140268875,0.8946268732085193,0.9002843318543772,0.9259646478538325,0.8992337312491109,0.8577229008074105,0.8539595316108036,0.43794501749688425,0.8352598193188747,0.8495203077309254,0.8449494597209154,0,35.09144638535465,22.360456849718975
13,0.7180991578703645,0.7313473244977424,0.9308788421670541,0.9385025064510031,0.9188488353513412,0.9049832261401393,0.8720869688020619,0.8682260717204766,0.4270084201282164,0.7940401501239086,0.8514148531749921,0.8483035511729453,0,34.77728303575851,25.205882042738992
19,0.6973816185579973,0.7090442683041183,0.892311078512322,0.9086606251553847,0.9097005249827805,0.8878184220965233,0.8426759810849029,0.8392310349627647,0.44300996617761484,0.8328987605385233,0.8324739046531929,0.8442232358022905,0,28.10641252392417,17.12779014878418
15,0.6868065055709718,0.7023380205294161,0.8742665451181493,0.8791944142066357,0.8874358116636804,0.8640439256172782,0.8122998369773614,0.7974822485189833,0.39983102262768644,0.7502135288378394,0.8099435812428358,0.8235379414184161,0,21.052715528910166,11.172074374611036
23,0.7107562825910694,0.7238476036621901,0.8932664804897622,0.8950318360591691,0.9116301007124126,0.895382382343618,0.8657871544085501,0.8603791169696214,0.4713435184898227,0.8298570629228484,0.8660609255308447,0.8636619051095525,0,26.377361864064923,14.67185462749814
23,0.7375303698521936,0.7479656235525673,0.9407995626627109,0.9457694281196042,0.9444543852426195,0.9280489760807495,0.8724162116372821,0.8593137172816431,0.4585316646199228,0.8221150106297158,0.8672921243464925,0.8698532987976431,0,43.150852440876186,24.90649988021223
16,0.689258722225486,0.7032787856873508,0.8696620643540751,0.8856649817019546,0.8883820555473303,0.8552197436361719,0.7992550015529972,0.8018838824237181,0.40200708374000244,0.8094357510539626,0.8210773063656099,0.8157101770766734,0,23.51740394056266,13.598189429281696
18,0.7049976784621041,0.7226490490101597,0.9095786058434906,0.9128689071161441,0.9118075650222194,0.8949656334616595,0.828592413862917,0.8329861254828606,0.4116417038183782,0.789640593164122,0.8057905896482167,0.8076930286353599,0,24.48733957907393,14.293306126047614
31,0.6968438213411741,0.7219095866444046,0.9153349845157812,0.9138305796125286,0.9143855890231336,0.8883440948585094,0.8220819376124864,0.8144010452954642,0.4031859742430918,0.7892304406403922,0.8119806164733632,0.8259910614054093,0,30.2834999852184,21.42390034741082
4,0.7142423181183881,0.7240422673753915,0.8875660040027564,0.8969391840988097,0.9153690418627112,0.8994996388847174,0.8405066091217448,0.8410190576705747,0.42381317867038687,0.7963507943514899,0.8691526295701945,0.8692953608609667,0,32.94698353173001,24.270669200016407
38,0.7372901907704433,0.7616602056587786,0.913394477561299,0.9215783059391679,0.9259997839474597,0.9133653673886558,0.8721110732924701,0.8861532918558999,0.46273655053035345,0.8453900609280094,0.8616094819098169,0.8619523162317315,0,30.59854171904017,19.413615777928865
19,0.6995241703144364,0.713906484801506,0.9018809940442146,0.9019009387690329,0.910791036645275,0.8871226307708845,0.8516757935877618,0.8448146078431175,0.4357460057983653,0.8271598220382664,0.8545803678406811,0.8565304981009538,0,30.67881096290816,24.979267739458855
23,0.7005956743194668,0.7112281108634524,0.8694835080776359,0.8746315227875225,0.8734198964702309,0.8322329726219001,0.8230041866279117,0.8089251161961791,0.41140504282367873,0.7982900266337868,0.8022709582880972,0.806707990163059,0,28.927591939798113,23.887399757788486
4,0.7267149362055875,0.7562431080395917,0.9055866141425839,0.9072421201294657,0.9275429162876273,0.9043925134730354,0.854231062613714,0.8513787472157719,0.4461464125083965,0.8193266047003008,0.8271402646956864,0.8262937223482913,0,36.901857283727665,23.253249220210897
2,0.7035063530529244,0.7226687356210878,0.9044707583739053,0.9035072617514986,0.918836608822532,0.9102701418353967,0.8485221266625355,0.8379126512683195,0.4294309119258574,0.7699430806492419,0.8333537727886052,0.8419183106185625,0,27.488421519266524,18.86153204096365
5,0.7119855026966011,0.7071429678265951,0.8847460902718752,0.8857354048407488,0.9274978995017266,0.9114350218445734,0.8270164355416902,0.8209913418177687,0.42690707806370437,0.8133042018939396,0.8447425903363397,0.837218918847263,0,32.44177217876176,22.432462403752233
4,0.7193705437119079,0.7397526007766365,0.8971473669493228,0.905744048823445,0.9333660288697105,0.9093721077024287,0.8339470388438067,0.8296746643685144,0.4527809186594437,0.8304602448845267,0.8405631797547332,0.8446195711979048,0,34.327662098915965,23.396928443265605
8,0.7191912361676732,0.7492761874050805,0.9322284386845465,0.9366441800771168,0.9352500786297149,0.9206152761697409,0.8534677836835838,0.8498350002558587,0.4585261920847266,0.809902241473436,0.856223574327886,0.8578457423908923,0,41.28276649416027,27.421468351383773
5,0.7068044260649613,0.7315927413225194,0.9168493817732025,0.921503743566708,0.9424251714774162,0.9299279056635718,0.877909748086419,0.8705481899159502,0.3986203220798182,0.774963748733143,0.863636690655585,0.8679004414951476,0,36.82493749816789,19.321587537433167
11,0.7174727485156467,0.7195495710420733,0.9063436774953867,0.9147020840762885,0.9271133035808649,0.9035957527922761,0.8321306548300932,0.8320993691202265,0.4442241562928847,0.833622410457466,0.8214462745284123,0.832645490196269,0,35.4807308071959,25.617480713318503
9,0.7101236464543945,0.7172434538358488,0.8674362998169394,0.8680070020927824,0.9178150713664792,0.8908817911030699,0.8313896339121067,0.8222717739487312,0.4199124065601369,0.7714462012829878,0.807848450512242,0.8128158841414149,0,23.13462445465807,12.298940920183282
21,0.7015333412782866,0.7293701122660011,0.9180459385416563,0.9168704451963636,0.9313114982773368,0.9087354297522432,0.8725546192306941,0.860334839715188,0.4484368541658176,0.8192851617453362,0.865187956617228,0.8790171851479143,0,42.04954280444934,30.72406099879343
7,0.7023102886879231,0.6991935958005715,0.9024013242319293,0.9064269285569457,0.9439611464669438,0.9263581560711698,0.8231309097046782,0.8190650774101392,0.44339913897803673,0.7921530048966525,0.8208180725894697,0.831656422777067,0,33.80623861301444,19.688493459764658
1,0.716384344080338,0.7340523064708975,0.9279065701807038,0.9250440450837326,0.9365361807666371,0.9184621217916569,0.8551502105232955,0.8501057584542862,0.4378061613046451,0.8288247748662774,0.851767220864277,0.8566848494553028,0,39.85745670585289,33.64922371022853
14,0.6808127534914115,0.6952595136576267,0.8529542347935561,0.8666025362687944,0.8892903963827402,0.8538466139856482,0.8044555822232016,0.7969185526965454,0.398405912571351,0.745579172157686,0.7985222859335034,0.7952257720189847,0,26.678845640760933,22.188985535410904
4,0.7347258961444624,0.7335114459137423,0.8778484271491561,0.881994853399605,0.9441455042702704,0.9246956754824199,0.8529100721137663,0.835685714278627,0.4191369708785357,0.7990185100119733,0.8681308601566601,0.8648794257525828,0,51.31055100012131,40.44590192328471
24,0.7281515588817368,0.7326402555428188,0.9034814829948309,0.9138429583057954,0.9385255539590711,0.9250928327176496,0.8640532275557502,0.8581285118650847,0.44117024903376306,0.8013871112589122,0.8562131844998334,0.8571136501394981,0,40.380198294995694,25.242730080554118
6,0.7051276233198144,0.7130396975481873,0.9047951565046107,0.906701790302978,0.8850469079553379,0.8506988164315017,0.8378252078005595,0.825621729008685,0.4065324781247662,0.7910969751297241,0.8249414889377483,0.8205878957776244,0,26.460362392079073,17.79480161083043
32,0.7220884927785657,0.7246313258710531,0.9047521597843634,0.913608233380428,0.9291889567168823,0.9040899958489719,0.863378391559728,0.8535539027804799,0.43609575344680634,0.8424620989277822,0.8412586357560086,0.8446772645259744,0,32.04278627578457,17.244018336635882
6,0.7255409117240917,0.7400013230034558,0.9232903245250896,0.9207440112528932,0.9536175744941265,0.9409029055427948,0.855598156169922,0.8472257459746634,0.4264796474560288,0.8025098357241478,0.8727662966626569,0.8700201728299102,0,39.6980779217841,26.08164131848215
16,0.7169690355475588,0.7299583656923079,0.9268712607735713,0.9308529018786541,0.9425195248002086,0.9168889998154597,0.8820645905113935,0.8780413614522342,0.44386469600720446,0.8280159536909049,0.8696235717028423,0.8701094909520778,0,32.041946179594945,19.048327571912587
14,0.7316386061514978,0.7390499637184965,0.9451070022812411,0.9409875248643313,0.9431281076972766,0.927249897577295,0.8770926192622024,0.8693366635867951,0.4275846375312531,0.8136602889815797,0.8640753673682963,0.8674925044815862,0,45.95286569494307,29.903576434355507
13,0.7218104879648161,0.7393450597444163,0.9050408962540286,0.9032854101547959,0.9290724144568939,0.9094314401163863,0.8542899419020842,0.8440803676370983,0.4645731584207787,0.8298839321963105,0.8378836078344931,0.8427036231786055,0,35.0676098710227,32.24285472547174
11,0.7426139660653119,0.7507176432478585,0.9231867702315145,0.9324412144701606,0.9545371014381577,0.9421307929579207,0.8713789734634676,0.8695813260970748,0.469124730127319,0.822960297788059,0.8767106192458303,0.874236898115958,0,33.57292809491834,19.135978115554618
4,0.7204320179298483,0.7295092843615018,0.9283290432726539,0.9322978247910413,0.926491707821489,0.9116649367901078,0.8559025511853533,0.858634461844173,0.45307544454850285,0.8255134504534548,0.8369778051336214,0.8346742455444038,0,32.81477675188906,22.25635005674372
20,0.7422109961958046,0.743336507568326,0.9400020819681693,0.9428927490523074,0.9409675347868468,0.926362370453115,0.8525396159697715,0.856474944029463,0.4436972014190761,0.8130932064497921,0.854456456802666,0.8480772814917713,0,41.63080858012368,25.932302276213232
10,0.7402214780882793,0.7506490127085983,0.9211089944801559,0.9227748238788556,0.92575979034309,0.9090664091081462,0.8611739593174615,0.8462954380772708,0.4639685265021012,0.8306092496722728,0.8690407585349808,0.8634715817249933,0,38.05375244027029,26.50468046555665
39,0.7397656873214095,0.7636511968711305,0.9528623475519308,0.9594192488123019,0.939111458248081,0.9158094890192622,0.8793971245232113,0.8704722699418856,0.45114767150292967,0.8256206458136203,0.880768178122485,0.8796432031992925,0,46.21031715465597,25.165684544669443
43,0.7100317153809823,0.7371404647767916,0.9002766434296796,0.9116483860963477,0.9118889290877449,0.8837215116308996,0.8530671089112216,0.8416501686924849,0.4211542924035448,0.7999096447040037,0.8283280311402401,0.8246050677504024,0,29.957067630767483,18.191068996655996
24,0.7302617819393686,0.7525124364026957,0.9320086361623371,0.9391218329065103,0.9313822092353367,0.9162072061349058,0.8729005729205724,0.8695337956961957,0.4413335947131647,0.8096705061227935,0.8440211391590021,0.8468523965492208,0,25.83032811264477,12.758415659284973
14,0.734959806830086,0.7574566791570077,0.9153115221018272,0.9164815489471475,0.9426969314566713,0.927486875383297,0.8999545773536056,0.8952152287804259,0.4387571600322464,0.8362473266430381,0.8635434368720889,0.8657725018304383,0,39.72079159093578,24.201828974080403
6,0.7215964606592449,0.7349748552035031,0.9231213161592985,0.9340281779976296,0.9388594469785481,0.9179998475216408,0.8625474566889357,0.8607754042363358,0.45387558433947506,0.8405496344892126,0.8641931324110161,0.8614099897342318,0,29.669510881392682,16.794371044095822
8,0.7493700521700126,0.767432741252425,0.9453064361191656,0.9486776415435874,0.9422077048132469,0.9253114339384138,0.8668370082950189,0.8606797463718138,0.4575826605985004,0.8092472806774339,0.8679196552822536,0.8691704359641946,0,43.48548109970791,27.599723073935472
3,0.7250033156538719,0.7400336250085532,0.9097842360287938,0.9125041557902001,0.9263138996894191,0.9009551155099174,0.8659958691669828,0.8561709815737406,0.43418291633529843,0.8164771312387559,0.8596638573048225,0.857329374629736,0,34.518171138045965,22.876276546181995
22,0.6875247802395533,0.7122716984163321,0.913493069019028,0.9159254749524536,0.9290192212854277,0.9165168125886987,0.8476913543030783,0.8487691359931842,0.44585143286484963,0.8099224182028917,0.8612476173658667,0.8612799048619955,0,31.91010078171573,18.345180778929386
10,0.7266256673277328,0.7395478197796819,0.9335937842589943,0.9390898999450059,0.9665551009221235,0.9582789132422022,0.8678220794052947,0.8673176113222085,0.4485819084030887,0.8197892958077102,0.8573752581537426,0.8605936015761841,0,58.14056182581862,40.1626277096029
40,0.735269171892013,0.7402641162639908,0.9509249753326807,0.9531909997126626,0.9676105842951601,0.9626019198043457,0.8866040216394687,0.874477187608549,0.4563466296247625,0.8068204915459394,0.8726867171730682,0.8734638852394965,0,58.388578643228726,34.821898685474174
17,0.7031002360726887,0.7062171417640043,0.8691048977894096,0.8672535381457334,0.8909489456355907,0.8475196903107753,0.8264256789299036,0.8192743399852916,0.4078833030623425,0.7876288627137866,0.828914246947563,0.8326156979644372,0,26.707944469007526,21.30094797157914
41,0.727913819782449,0.7541268007982459,0.9134795478772607,0.9179901184043894,0.9266940236862871,0.9120219859867853,0.8445866609599499,0.8348668660006612,0.442320817352451,0.829882024523608,0.8677920214577872,0.8635881569989098,0,37.176630645060804,26.317841648523604
8,0.7449790106925418,0.7629789952171766,0.9235927185035254,0.9323565901739203,0.9457919254598324,0.9334906990661308,0.8773155068558083,0.876717065334822,0.4194881420980203,0.8003932460377996,0.8716003539636695,0.8722498900444454,0,43.036104295745815,28.10372265880213
18,0.7026261317217138,0.7230444389608733,0.9292170488243064,0.9352394683157943,0.9305056226034436,0.9086316351959475,0.8481588816664016,0.8435520411762858,0.4347846918331068,0.7811160065294293,0.8589648719305868,0.8654775660717924,0,33.28220009055867,17.757916761515624
29,0.7265013622586727,0.7529260168646961,0.9240499065863922,0.9266558986393778,0.9514275300170352,0.936822449527591,0.8962987984935982,0.880497805926418,0.4701567290319262,0.8333019079500584,0.8326349895608383,0.8439632573747422,0,35.13786834422336,20.46575306774086
24,0.7447893700846622,0.7616549666493558,0.9443845156275332,0.9522425255158802,0.9473310084082502,0.9321074306623081,0.8800139006738075,0.8770276118932859,0.45039072858019974,0.8356017897463551,0.8852143397703228,0.8933624406652145,0,38.14968911149951,23.46379738764348
59,0.7499240680107752,0.7733857987993192,0.937243216279699,0.9377167631574536,0.9287109014927628,0.9106669665578866,0.8562982098595012,0.8513270456231822,0.45200702710603835,0.8337473127438241,0.8727471197680686,0.8718219040447986,0,36.85842896816096,29.711495625663453
4,0.73584418824832,0.754732936755884,0.9076184194990701,0.9228132086529557,0.9442494821814699,0.9292215291447151,0.8410761534356658,0.8298903337652211,0.4308808378092251,0.8075731415270427,0.8736001876973168,0.8753411841262722,0,37.27654577610286,23.847453130108672
7,0.7162044343011825,0.7186538855442073,0.8907838790999475,0.9033248988293452,0.9192688262583464,0.8929539541557638,0.8380355341333181,0.8280717398824236,0.4181638833254534,0.8029250906088228,0.8267274481420749,0.8258861078445803,0,32.87925936755016,24.026606698873636
90,0.697828426942877,0.7199832896766888,0.8918646747889656,0.9005214347478615,0.9122044629001453,0.888847177778894,0.8478999314630133,0.8380316520458169,0.4406404905880633,0.8157925357958177,0.8442444435287274,0.8454426918077735,0,40.29214982999788,33.31024309784573
41,0.7572770878560872,0.7648109233606512,0.9712132414748165,0.9730280342937074,0.9489940782546455,0.9305666088485531,0.8792054578457086,0.8752087396941073,0.46133179448038664,0.8148525695038099,0.8712419356240975,0.8743050688902924,0,58.72454120099172,33.94557750120961
17,0.7120640996502944,0.7457424024456988,0.8909874321766956,0.8946955728018676,0.9145165359846004,0.895391656646628,0.8465878434126395,0.846916382388499,0.4211437928958557,0.7939498700011909,0.8265960527748324,0.8269268284391558,0,29.945681774293934,19.81609606296488
2,0.7156751861434916,0.7256726530583795,0.9241732400743351,0.9217095943710641,0.9301521060803896,0.909296367078625,0.8240597011728964,0.831836900267125,0.42521531261275775,0.8065793949748542,0.8484188398230492,0.8553424690816599,0,32.576461324761375,21.534432629338927
35,0.7228062016207581,0.7410256611345661,0.8912961063623001,0.9019607131329609,0.9119545142635307,0.8728745127746969,0.8531466196352674,0.8452661362322841,0.44842857029554073,0.8278092624591685,0.8450963410324798,0.8394347823950146,0,25.917811197708883,15.089610102969608
12,0.7072676328438834,0.7240555161029059,0.9110508614652747,0.9130564301063343,0.9213417495762999,0.8941330179798617,0.838062109305406,0.8295601700149193,0.43515643211124844,0.8221428719907673,0.819418175741264,0.8259373499868361,0,30.905404852308866,20.281369388119174
7,0.6891323275869574,0.7093372396401728,0.893875464245749,0.9040356006213726,0.9029610777275282,0.8733626013855726,0.8278710129073604,0.820594121153991,0.4254618882893421,0.8028017500567315,0.8242476235467949,0.8403984522418068,0,30.844794658598413,25.91138681030376
8,0.712252096837898,0.7192834421801113,0.9092843119414002,0.9139860215789589,0.9456218984897717,0.9295138716187643,0.8304895639505732,0.8197759163649205,0.4361163760048792,0.7895802594854684,0.8348642670637035,0.840827432063575,0,36.943887484275464,23.633262176044173
9,0.7566184591347743,0.7589055086051584,0.9283030185080826,0.9349022699120284,0.9439663778205662,0.9201066093235896,0.8870047472246732,0.8755009660775585,0.44835750894504817,0.8357848920978272,0.8842735806224183,0.887020357563437,0,38.16479614297701,23.970132030684983
29,0.7089323576200676,0.7189614129298285,0.8859595364537644,0.9017280931803107,0.8956868909963501,0.8610081424611018,0.8332140148915119,0.8180051185912842,0.43615458923572104,0.8213689682528164,0.7805972424529662,0.7878529890685562,0,26.041811348270777,16.742476459119647
33,0.7440507967226693,0.7412336617923545,0.9257571398464685,0.926871716955006,0.9344820232783683,0.910916465159145,0.8664340525011647,0.8561965449717361,0.45794869707637115,0.8157172251916757,0.8878637199131443,0.8881822491924298,0,34.714542404011176,25.03869735394185
20,0.7085908735948186,0.7245148729804812,0.9205562421841571,0.9280129064149476,0.9146301704538666,0.8927518163097933,0.8662379277975608,0.8526816282178612,0.4359455404274012,0.8004359939517702,0.8402075613902016,0.8365230806320196,0,30.076809228806074,19.859982188626713
7,0.6897105558258684,0.7114588433007637,0.8804591552071188,0.8882496709827301,0.8833073361883891,0.8640029863248446,0.8135546345326101,0.809456986100644,0.4115324234455486,0.7658164524366471,0.8333509731872846,0.8369264785307252,0,23.281776766435637,14.881490940060058
11,0.7269875363776951,0.745213407843172,0.9177978672702395,0.9244118644671929,0.932271908272515,0.9111267099390001,0.8629547604593195,0.8501444206643116,0.41739795970291327,0.8277207856053669,0.8781773563300928,0.8689889311987854,0,29.06122696628839,16.027841852811875
17,0.716822849376757,0.7372362826671774,0.9152316074493263,0.9148973824928589,0.9121778737764878,0.8862537978779612,0.83729139061415,0.8332654706342306,0.4362156538561033,0.797168253027533,0.8286707996176954,0.8194896074539696,0,33.001764132637106,24.05865380639788
4,0.7353842796152422,0.7499858950814325,0.9061225932684361,0.9136167026156938,0.938646835912867,0.9257033298605831,0.8552648136490787,0.8614816179065332,0.4414579086001686,0.8117823074174924,0.8523716502042314,0.8478992308621615,0,42.71957205473553,30.479294643840248
12,0.7062111586284612,0.7254404576623847,0.897761139223265,0.9025691784169396,0.908600335880239,0.8844124301708068,0.846018240158399,0.8449481064316086,0.4138873471436675,0.7861016162576362,0.8380548750667222,0.8387455118444163,0,30.757396376828098,19.853480017332654
11,0.7423602406330583,0.7584471425364502,0.9502944672635758,0.9513753084731097,0.9369035797491105,0.9121621256591572,0.8678883489238804,0.8673183382737236,0.4456368015040103,0.8317752621544136,0.882443715378927,0.8811368505001334,0,51.51962986739135,30.6777522406119
25,0.7103963117714398,0.7193787401718253,0.915893340679678,0.9145407038983256,0.9073146145879344,0.8704062272467948,0.8725648337121136,0.8672801085518109,0.4464412015157086,0.8136425256025703,0.839249360486657,0.8455277147162283,0,24.402779118185613,12.092569423010398
14,0.7047093427638726,0.7296157516389211,0.9053659152189312,0.9191978777839468,0.905634325455981,0.8844463905740587,0.8450028472284046,0.8372689440044778,0.39973054801807567,0.7695708389103414,0.8120185156260309,0.8188435936868276,0,31.23252919715988,20.701341715078144
7,0.7028089005051746,0.710154919818684,0.8901305452750233,0.8958846801566639,0.9084603495476087,0.8805859596442283,0.8309239872601069,0.8273597604926762,0.3959550575207705,0.774422199875076,0.8424948716650688,0.8471733765616338,0,29.421997876112254,19.88027074653903
20,0.6999484103287367,0.7191132437184924,0.9055985846521682,0.9087767484883922,0.9279686537311758,0.9050978526698414,0.8472879070061637,0.8312877649795025,0.39933257630941904,0.7944272391174891,0.8263623069460857,0.8334499956020245,0,31.51627712597439,18.977177670896303
23,0.745806381657893,0.7573961522855063,0.9299334743611802,0.9387623163697592,0.9328721152925346,0.9054913461250808,0.8781969227174321,0.8773242298285764,0.42709923334193456,0.8072639330631887,0.851771951886279,0.8524594044561796,0,35.51760458692576,22.969823191644455
12,0.7273979870026656,0.7456850389144408,0.9316982400823463,0.9359120325718965,0.9711035092899352,0.962437947004571,0.8708611359442264,0.861368046396006,0.45613694716046055,0.8212914021270772,0.8605972350664118,0.8580231368904145,0,64.28841626122585,50.46271874163702
30,0.7239702583294214,0.7484714580898957,0.9188858671226546,0.9256169027952287,0.952016638916245,0.9409945037043436,0.8551604978680934,0.8489571063473437,0.46048026386795393,0.8275300829926362,0.8591287517974034,0.8586133058481548,0,43.798364197585016,31.46571309006031
24,0.7527380540399876,0.7520870994452915,0.910820511408074,0.9031348099701354,0.9128661598203022,0.8971767023491848,0.84313826340784,0.8407684995313309,0.464163477193626,0.8483338743217448,0.8453496851633303,0.8512863715373311,0,34.13361666287356,21.203131502979176
21,0.7122716281430196,0.7268663165222627,0.9023539382015915,0.9041048598350236,0.895201137393996,0.8678140902945157,0.8394788613441276,0.8485629711671878,0.4233604032200599,0.8052416280343603,0.8363341049246122,0.8471713301399694,0,25.287078998882336,14.667841034094845
16,0.6928581115125787,0.7271149483429501,0.8820928500376982,0.8794945358439109,0.9028578817701819,0.8756527208292033,0.8306466920763705,0.8322208370404279,0.4314008770718563,0.7881341086165299,0.80612639510921,0.8100231401045871,0,26.714153718386964,16.879972707561045
15,0.7244564328389442,0.7252673641907034,0.896925143948103,0.9024831866865416,0.9463288302766539,0.933486821906471,0.8756380771422764,0.8678218847046637,0.41438290809986766,0.7755310915282447,0.872951867138564,0.8737686260167833,0,51.703803130777054,44.308133154345825
3,0.7070084707102496,0.7180390470181041,0.9073067381160216,0.9139220187853038,0.914750841197645,0.8955501598908,0.8721342694033914,0.8687346066554972,0.41388606100964426,0.798032316823983,0.8359561247642818,0.834352549376276,0,33.13764417627374,22.20744206882678
45,0.735076290910834,0.7497218811643337,0.9381757033117097,0.9409747278412078,0.951174589073921,0.9427956156910432,0.8648090568088966,0.8548675464024782,0.45845448975566216,0.8424942337771286,0.8687536084322084,0.8617301272027184,0,33.106154997945275,16.62185460737223
7,0.7395154777624597,0.7348308440784141,0.9222475988699181,0.9335248575372201,0.9537661850079365,0.9379716581703295,0.8626848024020748,0.8542478499657027,0.4427832250076231,0.8124273462974485,0.8884791713563234,0.8879655490948435,0,60.26458932471511,56.38421234143649
25,0.7286695314731526,0.7342531632291802,0.8990847533497975,0.8964049217960924,0.9358290196188155,0.9089590297636688,0.8648268615017619,0.8615706648661997,0.43152474385190126,0.8100433249238955,0.8695028039701103,0.8654311803074334,0,44.691797567694735,32.505762744586264
65,0.7034741672034758,0.7195368667717276,0.8806792970621362,0.8906803621784016,0.8601333329168536,0.8177005238238391,0.8148158985872775,0.8043553181044134,0.41015730216547125,0.7689965168856737,0.7973564694118453,0.8062377798460223,0,27.016797804208572,19.511530322193863
12,0.7070615681653409,0.7116284826693704,0.8948674070976336,0.906745038268093,0.9340815767797407,0.9227062261707489,0.8524122172867387,0.8406570739468044,0.4287010776434201,0.7812581630379093,0.8334894240630732,0.8326973800228848,0,28.617682502231172,16.934484946806467
12,0.7297882596593235,0.7393372747418032,0.9251759960268506,0.9359965517282343,0.9379650937055789,0.9145364286326132,0.879923183245907,0.8721775631515849,0.4292722927603343,0.8297380313959882,0.8429840985790883,0.8500595620838579,0,31.206805087061028,19.07895279446628
14,0.7351319371087934,0.7426964066572637,0.9046749676670713,0.9227739973507394,0.9452192582033682,0.9239588603130989,0.8722583164244725,0.8629039303577428,0.43811215731230096,0.780091375647434,0.8392446693314186,0.833095148745704,0,30.859071004398466,15.980289478037601
21,0.7437987384581335,0.7612218321969328,0.933317356671356,0.9361501751853626,0.9431405515244724,0.9211206951987224,0.8897776938545898,0.8865008778095378,0.4549276739032117,0.8272389904244466,0.8681625344166174,0.8659644385018992,0,55.53198035632816,35.92072285402209
3,0.7248258856417436,0.7367299803503304,0.9241898579740989,0.9231652881949333,0.9252757731853173,0.9118070787992251,0.8634740800513566,0.8569283854106038,0.4139636328927085,0.8074008393043206,0.8491855560612066,0.8465319598640977,0,28.983715587027056,17.9231369592184
4,0.7358738362560777,0.7470612537974571,0.9331297924639359,0.9338267708404037,0.9248855431521034,0.9000020046929851,0.8684108341990332,0.8532728873634531,0.4375397046719963,0.8352976424197935,0.847443227751254,0.8427222170042864,0,28.6631978300856,17.054272120613007
