uncompleted_cases,Resource 5,Resource 6,total_reward,mean_cycle_time,std_cycle_time
2,0.9126877364033132,0.8799911237174507,0,22.50263360647044,20.05184300748909
24,0.9179532297190117,0.8987463142086721,0,26.443232497763578,22.192229801457845
9,0.9114935268628135,0.8844506545273065,0,25.50628182743736,26.003631423638424
19,0.9041003559935651,0.870206897578632,0,22.510451084554724,21.889328912039236
8,0.9584983899563082,0.941806104547247,0,49.62102514584715,40.49897759812082
42,0.9430289547060174,0.9257063306381708,0,31.493971275530082,23.092195992798224
2,0.9484467480296078,0.9256304140328422,0,32.09835144088591,24.408683153130802
7,0.9260607321837404,0.9052156138315646,0,47.32427532830435,40.12038576554788
6,0.8992377101404476,0.8635852957376797,0,24.500672841685102,24.093911274680654
9,0.9376605634486077,0.9257551813330892,0,32.72916457387756,29.11024320885219
11,0.9083536292402714,0.8885585556547425,0,23.762977210113633,22.62455598888276
1,0.9393698843767601,0.9244788062433836,0,28.575102671666933,23.918511055504737
3,0.9047295277680587,0.8783292248817972,0,25.88262761110891,23.414586993135835
11,0.926560965416977,0.8988548809249709,0,22.01836467286881,20.04438739456763
70,0.9003066568847052,0.8675701534308029,0,34.63197655853891,41.138868138023064
10,0.9029561670039762,0.8661115906129071,0,19.503993531009286,17.415299620026765
35,0.931259563066163,0.9249339254604609,0,32.106401160730805,26.213386398461292
10,0.9308676552594664,0.9097360829182866,0,29.217793926423433,28.425792952948168
0,0.9032254924521023,0.877930558805647,0,18.404883042894046,15.508404601767063
27,0.9342677980189655,0.9137035081939124,0,23.360138823630702,19.538726035924586
11,0.9364559545515078,0.9177777171794003,0,31.216044828699033,28.184889894351073
2,0.9462259058113978,0.930453125876949,0,36.164167718326546,32.431040101118704
3,0.8746212719138523,0.8357008751081961,0,15.419520090568406,13.319587414242262
17,0.888033699143864,0.8566583564456444,0,19.73155678294359,19.147178592510304
104,0.976435008204901,0.9693197276918619,0,36.417745964339254,24.56881637191455
2,0.9310982510195048,0.9144946756635925,0,26.17528670350562,24.180129048285128
14,0.9611182820123698,0.9473895799221853,0,41.39381899674663,27.473659412594117
56,0.9131756343063263,0.8870294527526094,0,32.34972186014178,31.558488611716793
1,0.9134551046456297,0.8990958011269263,0,19.75602383891658,16.057764748764974
5,0.9093379325158653,0.8899589068744286,0,17.40815502488788,13.271413826190667
17,0.9287400834110268,0.9051500442338068,0,23.357975076747778,18.80604691645587
4,0.9489654523500171,0.9282056075634657,0,27.456764949409706,18.554312201410884
8,0.9355864922349459,0.914950239289628,0,23.530502436685374,20.143497654855075
3,0.9335021859414706,0.913166314119299,0,38.72437785126445,35.33273308741524
2,0.9121584673477353,0.8874518487522691,0,27.44224924947411,22.366572262236428
2,0.9228563948414142,0.8988215390709116,0,23.636972483634306,20.442496544538194
20,0.893747866935646,0.8723174620683843,0,28.691052014537135,28.368383907778007
29,0.9306909776180393,0.9060351989762634,0,29.973658180204236,24.422873657124466
13,0.9331017108376829,0.9184883711037719,0,25.701119592330286,21.52455625791117
27,0.9438660496284147,0.9319511076895874,0,34.502813308853504,33.091825153889
34,0.9383945107296183,0.92452550431196,0,25.470279478237277,17.861384831956396
9,0.899373342524266,0.8736394765319334,0,19.999941188130617,18.602276987215355
13,0.9191585449803038,0.895619695950462,0,21.666722159119665,18.05976924949037
6,0.9167996603244428,0.8960780547146465,0,19.640237277692354,14.210609939831965
6,0.9451569705810183,0.9320748842032599,0,21.99329882839854,16.866799998208005
6,0.9393558916698528,0.913579568104238,0,29.28968410744371,29.241650526665254
5,0.9402584947080964,0.9117591910123675,0,27.49259393048124,21.892772295267513
10,0.9028812359640775,0.8743206919759888,0,18.15312557331718,13.413373146463941
29,0.9506230575207113,0.9358529672464326,0,26.350043192765924,18.322083116285693
6,0.8925123136225589,0.8541786044547689,0,18.943785788109427,16.719076271251005
7,0.9181670035012895,0.9064231460884484,0,24.50868154290617,24.309050270362658
42,0.9260720258678191,0.8941813806160351,0,30.033790311570815,28.229616668066633
0,0.9371051875385527,0.917943099366828,0,29.82213986029489,24.55813429898959
12,0.95545104839861,0.9432203949056107,0,36.85005464788619,30.59116633511139
7,0.9339831262695599,0.9050913545649287,0,35.611617496270824,25.007018339599814
14,0.898429715857158,0.8792876299500364,0,19.29499639702307,16.85736215617484
12,0.9204026882323387,0.9000760660897485,0,20.233127270728165,16.412435605508772
67,0.935325501113929,0.9148365610590378,0,33.59663291533212,36.12352091389073
8,0.9134767744325359,0.8947736140356674,0,28.389352354690004,29.1205604491047
8,0.9183061446569185,0.8948277967575481,0,17.233867717400205,12.837919922042712
35,0.904131187312498,0.879711147431861,0,23.38598612771319,24.14042488144306
23,0.9251643748595038,0.9166397645809071,0,21.421178270569555,14.994501424334755
7,0.905301131311238,0.8708569937512438,0,21.537869795842056,22.17366651901709
10,0.902695932536325,0.8786863657259104,0,20.719420473416534,19.81884531316926
5,0.8893658069420591,0.8552689308582773,0,23.63496578673135,25.653023709243193
2,0.9104731444775389,0.8923720792734062,0,21.48783249033231,19.280208399943813
1,0.9290014144989396,0.9117416965181719,0,24.65501072116892,22.115717240127747
18,0.9773884075489857,0.9742254278783959,0,45.97803456588316,28.475664309415475
10,0.9291197139627,0.9067059086343574,0,25.08652412956624,21.143116529054566
33,0.9256248431767186,0.8937057300920942,0,25.926160692923467,23.605484270357234
5,0.9415482864974613,0.9191410292342891,0,33.594689743340204,26.656225491444676
51,0.8837537979069139,0.8453584537966626,0,15.869454619667327,14.852471125045033
11,0.9133318955658105,0.8831887721844561,0,25.679956967330025,28.930272457972432
21,0.890406882496085,0.8457113784663981,0,17.820665299989503,14.418512563881276
6,0.9297233566390444,0.8987512050230982,0,32.37108077522624,30.58556572461394
36,0.9083743819995923,0.8826468723807135,0,23.188221545241984,17.08322569513444
0,0.9335596814172321,0.9155188205249085,0,31.419487460190492,32.94172310685722
13,0.9374163416630974,0.9162333615600748,0,33.11637415345433,30.651466866776655
2,0.9337144095312006,0.9174923378399847,0,25.631589054913068,18.891089765257618
32,0.8984892486467702,0.8663592108683393,0,21.116779689283273,20.656187677758552
7,0.9289419583793138,0.9103424668967691,0,26.08188647399175,21.033876107068753
7,0.9349080257085854,0.9089220240898338,0,27.280176106553025,23.475157412848958
8,0.9090484391511096,0.8902668194873932,0,19.30185846992862,15.938353889626589
14,0.9040360836600301,0.8742491839175929,0,26.546307513104626,28.917380472505755
53,0.8981955163763606,0.8857058990567015,0,23.34321823974801,24.18129753486949
17,0.921591502275969,0.893847733620024,0,20.44676954391037,15.653005982415207
4,0.9354436399415516,0.91462419078318,0,31.754301695849648,26.392865284578853
21,0.9349338262223224,0.9131937104414861,0,24.637621307917364,17.74258505911013
47,0.9276820663939043,0.9070179013563474,0,35.96536334743417,30.15365668950865
21,0.9181560551003763,0.894479541755267,0,24.171780304763605,18.568804890980356
8,0.9456633035098303,0.9215760997849698,0,33.41605209244207,30.808962190802244
0,0.9236763038537587,0.9028338339975475,0,25.047206462855673,22.059060452811835
1,0.968495818880158,0.9607122340766037,0,61.602589006426484,39.51290248444072
39,0.920613936586783,0.9049624377929489,0,26.329948212975715,27.66926842219811
5,0.8930675984085196,0.8483735848168937,0,16.900499977456523,15.257235989972687
4,0.896767631162231,0.8565925337795206,0,20.23409568928732,19.405784360820775
46,0.9367980114956146,0.9188308259074078,0,40.86366473329026,36.2664667862752
9,0.944607368761309,0.9280587837573381,0,22.957778928193644,15.766487817654676
1,0.9397838012312469,0.9285677671781517,0,28.81905490800644,24.522433876229115
14,0.907577838318469,0.8759522289356216,0,21.563551480272565,19.087255069016216
