uncompleted_cases,Resource 7,Resource 8,total_reward,mean_cycle_time,std_cycle_time
1,0.860623145391638,0.8542368726696613,0,17.210351468118194,14.786989061594962
1,0.833584299293481,0.8329055169904562,0,10.804405599840996,9.214766663522466
22,0.9107631686721462,0.9093731230779063,0,22.631096077652536,16.71963164021581
24,0.871530903949967,0.8670459557599366,0,16.536154924820803,13.575308112707505
22,0.8447169908395225,0.8475664717578404,0,13.041636228037259,10.663334674417055
15,0.8307061869205709,0.8289616782406112,0,12.283618040008367,10.99741263795444
13,0.847952702608419,0.8419661841792525,0,15.068369890125718,14.987411863491426
3,0.8356034360025838,0.8289404268704036,0,13.828460650965475,14.48084912913629
10,0.8533130751212963,0.8474493441281497,0,15.43304462208749,15.555386058631925
1,0.8554111244105148,0.8474122807532216,0,17.645764776496137,18.700220784140363
0,0.8272484012967327,0.8177708310879738,0,11.228500583696446,9.879070190008926
5,0.8624147880730725,0.8678710479980587,0,17.310367501362826,16.07755615361521
8,0.8630058967375933,0.846627538008133,0,14.826200336095644,13.164317383472563
2,0.8588226643242212,0.8552249578828267,0,13.311806637935092,10.904356725073702
10,0.8681174948103945,0.8644948280355397,0,15.271406972190997,13.38264078508683
5,0.867913083021992,0.8614384694257411,0,14.19103045890879,10.963350913701024
24,0.8155072748395438,0.8089588349656059,0,12.280199523339043,11.353395708618828
18,0.8606905100316999,0.860378284151655,0,15.236312440795786,13.170314702031797
2,0.8414610361872191,0.8415097165513332,0,11.59357374037428,9.474725122699995
4,0.8437209502206011,0.8337390673718678,0,14.518657166955501,14.06778630407193
9,0.8490378120457802,0.8470740066397909,0,16.477377742473948,18.4204712709613
4,0.8778975310252707,0.8761366505328966,0,16.13554081858023,15.487691508287606
14,0.863907961242117,0.8646858767271742,0,11.42620490751441,8.631615792995822
9,0.8727209824945674,0.8642915245924588,0,14.059516297218627,12.109377501901369
9,0.7939607847847442,0.7957518897342412,0,9.01765767946126,7.599092889769245
11,0.8158372997906961,0.8185440194356373,0,10.887293342032063,9.66715526071383
1,0.8477701817592906,0.8497901137715911,0,17.56090350908678,17.64847844860331
15,0.8382964922326697,0.8274366172269767,0,12.168687568143556,11.65986958486499
27,0.8603556922680003,0.8430555216388073,0,14.72716984718552,13.287826672873043
11,0.875910117428315,0.878499692536266,0,15.420244831742004,12.480941457363212
8,0.8652183028388978,0.8558162958044113,0,17.270272777388097,17.19558167785675
1,0.8521989851087272,0.8503563902275942,0,18.265056325462705,18.290057450725264
6,0.851091529894832,0.8374840646156814,0,21.197656414072082,26.071167995128647
2,0.8626625297035961,0.8619464688373337,0,12.22441919202208,9.859404234746306
0,0.9002197567815979,0.8971542640248171,0,18.554790537415563,13.448802045277642
4,0.8554065440731241,0.8569026003990652,0,13.435005592036038,10.861860998045259
1,0.847994899032342,0.8443790449257307,0,11.861278941898728,9.992050418831106
2,0.8531199520951481,0.84633738896448,0,11.141290891257862,10.168426056706139
24,0.8472804495132236,0.8382485754694268,0,15.566233687083376,15.653703014134148
16,0.8746610783742356,0.8682418083056423,0,18.303531159448987,17.332404136086502
9,0.8803809268488105,0.8716160666631395,0,22.415041496599695,20.00203917291967
9,0.8445863483836725,0.8387121339929677,0,13.233942840774343,12.007089948018164
2,0.8641530413439261,0.8523975830577396,0,12.606451513696053,9.946742461800238
2,0.8712033689897024,0.8711660630012761,0,25.018303432921478,26.72148282978369
3,0.8207727268790784,0.815830303117936,0,12.598082897548126,10.829062431443639
8,0.8665929975648574,0.8651061331209394,0,15.59176883521178,13.940833888776552
18,0.8618197334547602,0.854005756210389,0,15.307161127958992,14.693263825637446
10,0.8798531505775069,0.8726742633278233,0,16.055732534972293,13.575948347702024
7,0.8236060647031445,0.8137237602475389,0,11.383197384656023,10.064054849453502
2,0.8407010273897991,0.8336070351715636,0,15.236248346999561,15.565808504569521
4,0.8411193536197358,0.8308407242084177,0,11.769362034897831,10.100378918676576
36,0.8442999216047646,0.8446943902998221,0,13.887823400721475,14.620734908385245
8,0.8459198268670652,0.8358863172029054,0,15.427481676945531,15.03558890275831
2,0.8899171525455873,0.883735832403092,0,29.404740539220075,33.28660345988281
23,0.8608137693948391,0.8524575048969376,0,17.817611039709426,14.857816492050764
12,0.844952650805211,0.8376702800302314,0,12.454556666175163,10.353917347012528
1,0.8169846933576916,0.8082187624083018,0,10.501794976024726,8.23693877055224
4,0.8323646634302486,0.8353430970640182,0,12.136285051754024,10.066709772422673
4,0.8689771000363071,0.8621514863632292,0,14.270051808915895,11.152844998423276
27,0.8757813186339461,0.8665501150807475,0,19.806954356872644,16.752907356309983
2,0.8575458756006159,0.8569500814364106,0,15.555596330363418,14.740743086209449
13,0.8248829181377212,0.8214190029425484,0,11.703622644794468,11.448783179694262
1,0.8744384461549889,0.8741025826234728,0,14.175599812556081,11.520982305532781
4,0.8223590006560313,0.8124544062067437,0,11.76867435310085,11.472156297538191
8,0.8625630818456611,0.8599103229920171,0,16.82590291527766,15.332982965581161
4,0.8552076456736591,0.8625493993515511,0,19.649888500339046,25.56261679038166
1,0.822331739602774,0.8137029627053913,0,13.77740926327812,12.919600562343877
16,0.8656268113836819,0.8596230272472632,0,17.7010255029798,18.603702730615286
8,0.8704722342653569,0.8713774389864813,0,19.978035304639317,18.724511638448053
0,0.8488415739542574,0.8513179947130651,0,18.188911273139137,18.243416865099313
3,0.8365446446066098,0.8381620460457001,0,13.86220795678618,13.546958991755067
1,0.8313607765827237,0.8259846953693221,0,12.060285418404227,12.00974880182884
32,0.8543237346301272,0.8550736882897371,0,14.31787532872315,13.929233964754534
27,0.8600132974539368,0.8591080469949427,0,14.610404400492904,12.754030586424788
5,0.8358158483829575,0.8381799363029455,0,12.506924505798855,11.829377817735308
40,0.8291684979918711,0.8217684970061311,0,12.87498984561019,12.950924783467787
12,0.8561547287837935,0.8364931240894768,0,14.510368590228461,13.845302111017556
3,0.8734215449147997,0.8653307778807373,0,13.34086336098947,11.752770186356267
1,0.8713934390168588,0.8708856652563032,0,17.905284157701033,16.581281332937646
8,0.8440930596838998,0.8390873428668562,0,12.602661579691077,11.199011448911742
1,0.8769457118122936,0.8693615212234906,0,19.257441883340572,17.935516288708445
2,0.8448153233684877,0.8493484271306333,0,14.152974300647623,12.524816372323007
12,0.8677598303604763,0.8680996578635781,0,19.597485262300726,19.892373999705626
9,0.905544913711323,0.8962943993940274,0,25.32228215407008,22.651368556672402
5,0.8605056939613567,0.8565930245632846,0,13.256717741282246,13.065596803410937
3,0.8690589802303528,0.8687877983302579,0,15.313626936787953,12.873767482130905
12,0.8603047814231751,0.8504878246503186,0,13.01786070106695,10.560112802477018
4,0.8803667502149151,0.8749063571339464,0,16.2241418848336,14.741740408959643
7,0.8672818636101066,0.8575841786024943,0,20.42722308908008,26.230896840385
29,0.9002524569660293,0.8982665379999877,0,23.48677173841809,20.251063305235398
12,0.8398388812275427,0.8325128288211033,0,10.247781356187096,7.466920656535647
0,0.845306749524478,0.8459331027062008,0,19.239132839877517,21.191390909554197
2,0.8488209720648503,0.8362528082592128,0,11.140906076289586,8.818763852781743
8,0.8444210259477227,0.8500045483784002,0,14.8775952175653,17.036583838684933
1,0.8401484815818896,0.8481106347404366,0,13.604260007542464,11.353026102335441
18,0.8409530249561888,0.8386197631039982,0,15.521191233916209,18.698258114929665
1,0.8346050473409603,0.8297431321681362,0,13.265753273410702,13.068009383366135
0,0.8702932950744671,0.8744841428399641,0,21.843101336850847,19.968903245161496
23,0.8452101420061745,0.8462684702465767,0,15.907177420364372,15.906578043170377
4,0.8612430960739428,0.847154659980042,0,15.533433160249189,13.47962431164092
