uncompleted_cases,Resource 1,Resource 2,Resource 3,Resource 4,Resource 5,Resource 6,Resource 7,Resource 8,Resource 9,Resource 10,Resource 11,Resource 12,total_reward,mean_cycle_time,std_cycle_time
78,0.7414611932594605,0.7553790484475514,0.9302563695178188,0.9363931565661177,0.9335899097276986,0.9153630441202033,0.8458673630307987,0.8433615473955217,0.43851817769955415,0.7928796819785588,0.8476941969534608,0.8404382596466329,0,118.1630362136617,39.16268488444167
45,0.702338244216397,0.7191548383189672,0.8963700160241904,0.9065906973737099,0.9044350347991287,0.8777867116381425,0.8339231721433238,0.8234829443561678,0.4394284179296257,0.8101876754485716,0.8144351332499247,0.8155859536913569,0,101.06997556208154,63.32793316759826
43,0.685186336005664,0.690469614244143,0.852485912114617,0.8700605395112192,0.8995704249712991,0.8675462481240632,0.7937114225216749,0.7885035697748041,0.3811855261397424,0.7520837383254743,0.7976347555566995,0.8036160626510171,0,85.75196067588669,46.6095579674306
89,0.7198407558297945,0.7358197922168759,0.9182338225219111,0.9214650499229244,0.9392760604860306,0.9218746273457369,0.834904510187471,0.8210113223384585,0.4297529945813957,0.8185590085742698,0.8227720025305071,0.8218580462267766,0,97.15028599760691,32.928376570639884
75,0.6959585990474866,0.7056117420062961,0.8595105084922124,0.8839782178698764,0.878391452062578,0.8411893599213482,0.830844171692611,0.8284191689169847,0.40407669978184896,0.7629021501492399,0.810728317009404,0.805672084345779,0,78.07401096183364,43.52630792639837
47,0.6962278689662292,0.7176939418735413,0.8954364510888121,0.8882865214193069,0.9021520624288074,0.8707542074547396,0.796668208988234,0.789762653724999,0.4159340560384175,0.7747450057032588,0.8033668381182384,0.8133722847232935,0,73.54950088989507,36.87025119941522
30,0.7365446369374588,0.7370149974266479,0.9295968298550664,0.9320823584697553,0.9426962412544423,0.9244974876861383,0.8537002011488194,0.8586467060777604,0.43606781835112335,0.819419742920202,0.8502211571132074,0.8529263809378479,0,120.79762146116802,49.748001246980046
54,0.7029363483136739,0.7274978432247938,0.916925805630771,0.917061599220009,0.9413463833934942,0.9193367812010179,0.8441113757282755,0.8420489412914851,0.4268729035574224,0.8024926365777576,0.835532753524338,0.8429586866826525,0,102.9831529426908,37.68445731313553
16,0.6748694438611402,0.7061463529040094,0.8949125110339635,0.9045763773857048,0.9173769285100405,0.8999308810356171,0.829703487028522,0.8220118931675318,0.40843890567478675,0.7856785606361865,0.8342247907579465,0.8336817571171429,0,94.44829719788757,37.72535467151556
34,0.7221060923364182,0.7412614291153847,0.8642760131417816,0.8856730161292741,0.9191477339356785,0.8950669977646376,0.8353054318044404,0.8312654615526056,0.40340341050416023,0.7803158339822709,0.8234515744499235,0.8222438120321963,0,84.48229400457842,29.40193536495457
95,0.7456966455664739,0.7576026151654898,0.928125065948333,0.93310361931522,0.9387279161098452,0.9251521060071919,0.8615024010925617,0.862775132446528,0.4242868001707883,0.7941723823541861,0.8406947551991607,0.8341710666840924,0,138.36527126651413,46.5864189031947
30,0.7119860979933752,0.7198035073000045,0.8960086638058454,0.9014855731991034,0.9173047575545248,0.893836133364453,0.8468005852740472,0.8422100255411178,0.41701795597147395,0.7979367568135226,0.8389161555752542,0.8412645931252606,0,88.65537914793731,37.65469209565641
27,0.7209077203470059,0.7501183272820258,0.9420065030373326,0.944725983166954,0.9325747577639814,0.9110158602971354,0.8635897635922387,0.8680971750834349,0.4403589387390283,0.8176413043491122,0.8362888116617659,0.8305273294871267,0,136.90953229155727,52.33648994735627
34,0.718865181976027,0.7291336032405364,0.8707889862069689,0.8809914703092254,0.9090014112512225,0.8772034227584885,0.8343314725887844,0.8327622446064961,0.41610666504547805,0.7869277282862222,0.8340021129595668,0.8419458883191022,0,84.23028804817922,34.19878244133191
23,0.6986917909071058,0.7201705845128675,0.8505467615865606,0.8505968083878716,0.9187865416165334,0.8835355982881103,0.8094066418274698,0.8003340231040212,0.396686808525357,0.7826242601577226,0.7987592430935779,0.7964711712098226,0,73.73505865292351,37.95608726301017
29,0.7103333647421587,0.7240492155420846,0.8735062095427204,0.8786267652155286,0.8951077821356935,0.8685963217667039,0.8258683059580059,0.8298472432012455,0.3891236345910569,0.7442434746610013,0.8186416733984034,0.8229574774714558,0,86.56493021858711,47.28545086790639
79,0.7090568735076318,0.7116219150511626,0.92480149777462,0.9233689041373891,0.9159231218717206,0.8879475524710803,0.8404995688904597,0.8368719367271786,0.41290495789444875,0.7793682080252662,0.8301479477174731,0.8290364281974091,0,114.10271011192445,55.44874515007561
51,0.7085227630764968,0.7247263379057401,0.8917434779312009,0.9053614772643749,0.9345691005680966,0.9185620443804211,0.8661929145434324,0.8717149778285944,0.4364187742021835,0.8110140521065595,0.8316031710894893,0.8373537902323087,0,112.46885816816375,40.34588553377249
66,0.7306363310132957,0.755909641263121,0.920119250358171,0.9283505345832882,0.9253698897742706,0.9050149695978361,0.841233826866458,0.844913508988317,0.43866470847961153,0.8003810528446264,0.8522835195888643,0.8574824165038623,0,86.20379942126051,31.615398037526308
35,0.7253670591776072,0.7335321318155535,0.9308208893368317,0.9276636187269369,0.9314697854873942,0.908763416619848,0.8824376401241325,0.8777693515919244,0.407544769723274,0.8092462437758992,0.8406534560971802,0.8381437392804657,0,100.02011518028914,36.74712227516866
86,0.7094512228343804,0.7304289088793036,0.9032344394599889,0.9107176554011256,0.9078770580823273,0.8895291777139906,0.8225581774114378,0.8127637074444719,0.4103950184106456,0.796400917347673,0.838767037902871,0.8333486579145445,0,93.4829646972853,41.47055683583262
57,0.7229191721824157,0.7285452630308827,0.9214743485131829,0.9309949595786026,0.9243899107565942,0.8970120996646618,0.8627822104623157,0.8424313096657284,0.42751332118546126,0.8371322791181117,0.867325951717721,0.8591920689213164,0,104.64825907043068,42.414449547457764
39,0.7100523647666034,0.7209161358615421,0.8910419021716484,0.8976982019990913,0.9108792939710642,0.8910128262307085,0.8227079104946977,0.8223747968889842,0.40805724129974946,0.8024159499527805,0.8237028772702312,0.8301134402696491,0,86.40686292267063,34.124263976539055
26,0.7104804069927748,0.7289519249125453,0.8949722036752209,0.8972998183524392,0.8902517356064078,0.8648022410555964,0.8308629003699076,0.8282929059519109,0.43991526917939044,0.8041300638096551,0.8564100266730679,0.8501492119139806,0,87.00389039926667,33.52431206249897
64,0.7290268675153344,0.7386511162051096,0.9182811496323642,0.915254584922741,0.912854712173001,0.8882461095008314,0.840333777766618,0.8406947998964617,0.4144348156278413,0.7836184505786142,0.8563211108725721,0.8630023693956377,0,81.74302228370128,33.72208932758358
47,0.7467694453415771,0.7650837597610758,0.9343660356158947,0.9434714846055118,0.9573010904439114,0.9418103571362729,0.8982816877806775,0.8953298223912607,0.4597652682165586,0.8402391263546654,0.8510262299899567,0.8548875838227552,0,145.68753369834127,65.94155156629296
40,0.7103093983273011,0.7317476617257211,0.8982117223028557,0.8943312515670927,0.9165863862359158,0.8941379443864964,0.8077979975939,0.8098901751214649,0.41320581996247147,0.7635942320325587,0.8234794057490294,0.8269093399412528,0,82.40411638379365,32.716916962907696
50,0.6867230536973593,0.7039173231389696,0.8752820966333124,0.8851813338677456,0.8864316949331152,0.8407202855501963,0.8090810599364071,0.7925629717313561,0.40130981501951496,0.7621465340068831,0.8081367806388946,0.8077098780279277,0,82.9369897157103,44.055431329987734
78,0.7068329807664904,0.7314158019331835,0.88864958688512,0.9074676765468678,0.9155095349364425,0.8888443712113933,0.8307919144971906,0.8217138665179348,0.4235613235560543,0.7943248665939585,0.8121850976391427,0.8128372661967084,0,76.26843042871391,27.196780347705392
19,0.7240536996415057,0.7298601912788183,0.8936827111191651,0.9032161976888922,0.9236960130104908,0.8956004060708732,0.8601708237138062,0.8587545185242472,0.4438475262184972,0.8047830923085284,0.8315322875312752,0.8327130621010043,0,95.08634523861627,44.54001277348831
32,0.7040649509782922,0.7143286774887367,0.87789154562162,0.8867690106199285,0.8958905705539649,0.8649193132607726,0.8386650375646124,0.8408893536766274,0.4090638051629503,0.7641431691204719,0.8073427940382638,0.8163808721125316,0,88.6406817429657,41.6108616177793
50,0.7161157021361837,0.7379820952578704,0.9110430232650375,0.9194285104191801,0.9293506752488165,0.9137246985920278,0.8498463110915332,0.8413400931295432,0.4742189811011891,0.8287796530289193,0.8661285799010908,0.8747580623649468,0,99.47156182635804,35.974852595266476
54,0.7118495866475648,0.7345176156275334,0.902239811920574,0.9077766551187524,0.905965954259904,0.8750739454883842,0.8413740676699206,0.8342691593542718,0.4104410160718852,0.8247178586140435,0.8162034293659526,0.823199035862378,0,96.55853463544013,41.477281306025205
54,0.7178801546498899,0.7288160945231388,0.93320848560512,0.9354856491666876,0.9257934751822666,0.901832615610137,0.8648022559001125,0.8579734251347303,0.4352297946764852,0.8062458648870682,0.8599650629162202,0.8621134098041979,0,114.04180105850712,38.59092347708912
91,0.7436672433141565,0.7631514594311026,0.9527955720944526,0.9570385117954038,0.939213225451322,0.9215149974485232,0.8665107780646094,0.8656566225009327,0.4666191632133009,0.8398029998395165,0.8672263057868402,0.8659309744120405,0,126.05128022256599,48.842130773334226
44,0.6955526426503024,0.7050284401808464,0.8747527657777613,0.8798048470891359,0.8877924068384576,0.8592569376261401,0.8088842190294585,0.7950858852694888,0.4113328869573359,0.775020385397422,0.802563543818688,0.79873662985154,0,71.9062205942678,31.768666752224956
41,0.7293740797807449,0.745356374346815,0.9144239300577194,0.9245445684479914,0.932823984879727,0.9182810399631973,0.8454345699309677,0.832543986121363,0.43248730160090343,0.8109035836949751,0.8530249748050366,0.8639285528030612,0,104.0812380629676,38.957644492231175
25,0.7223466331527939,0.7320740934653507,0.9138374200955104,0.9133264120161463,0.903626210515393,0.880700921905335,0.8544584953307829,0.8518325998101822,0.43072047425011817,0.7817044930155548,0.8414574293102696,0.837885482924778,0,114.35507626321402,50.47341265072756
13,0.7135866336043376,0.7264305137128714,0.8963783411594511,0.8997557778288224,0.8798552964670031,0.853507660556446,0.8421461275302785,0.827772286244168,0.4215475046548336,0.794637019970884,0.8159624528377016,0.8159032600486372,0,73.87121105075254,31.416205920374416
15,0.7029106343378471,0.7132919647875682,0.8830636905029507,0.8942969161956876,0.9214393920176248,0.9033938651825764,0.823157262652622,0.8262825721145618,0.4199020218244702,0.7937334736830874,0.826077000122543,0.8254601061818139,0,89.9279300452406,44.229319845725506
53,0.7294534110971284,0.7529439733074998,0.9392324275667449,0.9483836570706837,0.9177700514858276,0.8988642127675841,0.8432808389238605,0.8382622498129755,0.44053637421855585,0.8128312474982866,0.8046248224860597,0.8169939160361784,0,94.5024993827763,35.44403714892646
55,0.7297918172067634,0.7487959048993735,0.9173457389905667,0.9170702131082009,0.9112314057965661,0.8870591123697417,0.8494012649365444,0.8399843644580242,0.4270414549122587,0.8194074704819937,0.8422884899320509,0.847673374007448,0,98.32154848021162,43.77014877590574
26,0.7434804758897442,0.7608145435157825,0.9163802447259092,0.9255431732358342,0.9525608849438311,0.945866007457281,0.8607085504136727,0.8543832872977871,0.4453565860492412,0.7964198685583967,0.8711267410307201,0.8601133684328776,0,111.80750106457197,39.052804296853616
82,0.709490582455899,0.729760796677009,0.8989167275363866,0.9062741088623794,0.9321420174094787,0.9067432863558899,0.8449305925966559,0.8298298415963076,0.42780214661816907,0.7851198633335262,0.8144742410694217,0.8193761636162504,0,114.45898383155104,60.08919574166196
35,0.7222041756032953,0.7310656487720479,0.93649111717251,0.9382727678287532,0.9330079553261413,0.916228359787006,0.8423658634171673,0.8336436824865865,0.45322603561214225,0.7980783071365777,0.8548672819129457,0.8503028094507338,0,112.71916241450201,47.80657138550328
29,0.7032242372762392,0.7310344669742825,0.891372275063708,0.9038410819338214,0.9192665654006896,0.898162584109144,0.834099751754812,0.8310136900975874,0.444795460498,0.7874631505474656,0.8254864390221003,0.8208100925654988,0,85.14371048207677,31.5215170720908
116,0.7219011656907688,0.7405828608757881,0.9250381921945018,0.9304600693426693,0.9189355533713555,0.8859830397593234,0.8576780719084687,0.8528676983748413,0.4262293216215761,0.7708585896555168,0.8464115116414852,0.849275106569926,0,119.85446210479809,52.097075173448566
56,0.7170265429585183,0.7320729169778619,0.91782381983919,0.9209459791768951,0.9315598322618586,0.8993368931456611,0.8597186663263475,0.8671938574103084,0.4137909761556041,0.790455545143521,0.874203640395683,0.8628757587767218,0,123.38787222467623,55.78888939377325
60,0.7545032548322335,0.7592088403113546,0.9390765544318261,0.9357778972362688,0.9457081650422439,0.92690605295294,0.8593260438982726,0.8547805520642557,0.42693430409836475,0.8322060699162552,0.8562156360360621,0.8617347374344435,0,119.77925152299868,43.83345103115458
36,0.7321534333937825,0.7375931821172256,0.9079507426841928,0.913234506243723,0.9415725118600089,0.9317055871676737,0.8505526887134096,0.8503361100339547,0.4253182742899195,0.8065351285903879,0.8384480427187324,0.8458453380668769,0,93.25073908837292,34.77162289486353
30,0.7372015846473305,0.7644516588069934,0.9465954133430036,0.9516582007591251,0.9677433318441198,0.9558225538731171,0.8613101483808329,0.8626875355451846,0.44875581419221416,0.8069641656878392,0.868182006474103,0.8630960102528219,0,175.0275572708939,91.43344230624322
35,0.7044736553381666,0.7117735858557268,0.8831014023556847,0.8952947197524456,0.910191111114057,0.8825446468485919,0.8274352864064369,0.8253296002066323,0.42950792527535,0.7760339081799605,0.8261597173053685,0.8258542141849093,0,84.77904560249604,34.06824379776237
16,0.7270220571423239,0.7347849218350858,0.9075321838224998,0.9143944499235528,0.9378069801091666,0.9225652909062213,0.8647125990620464,0.8557706497392912,0.4289610968462366,0.8189218126294994,0.8638348150678438,0.8706629021400855,0,112.67645107331049,46.58367213254292
45,0.7073621534600686,0.7272346270967451,0.8916359894434926,0.9001345954576369,0.9062497262116914,0.882586005525069,0.8240300451750628,0.8136040662606678,0.38837627815887404,0.7808295750374946,0.8553770391211725,0.8549553994371774,0,77.14382928898371,28.25668473194514
10,0.7168979750818474,0.7234161721761762,0.9114489807358533,0.9194338087544472,0.9217964977740563,0.9050801305151561,0.8393749976360797,0.8373874071884918,0.41937180487463477,0.7784511583469149,0.8480604344887963,0.8504230174346727,0,102.19881358693864,39.061623988935416
74,0.7275695329164227,0.7517144837342099,0.9030689936232764,0.9102205947795201,0.9091959680156184,0.8825863083429151,0.8184837157194453,0.8126973362423486,0.42412087134409693,0.8034289578573021,0.8170251289744405,0.8082351963417509,0,85.61835802585833,32.691502261580325
67,0.734023202788743,0.7384339625319618,0.9326930666335166,0.932051833045281,0.9495471209355912,0.9350649157333568,0.8462263168516329,0.8537345021021369,0.4436252678196875,0.8366229049557593,0.8358555904599896,0.8282225653915791,0,97.14025882200835,32.502988077234455
29,0.7175393851232318,0.7308331500017342,0.9037973680864423,0.9082766573223231,0.9372982413935337,0.9208695018412433,0.8692598743300121,0.861656566597691,0.44604131275013115,0.8366105018354969,0.8424613663005773,0.8474970275727419,0,108.21422448587683,51.76945747925299
53,0.7356556311052037,0.7451744513974111,0.9234936931401692,0.923330462589241,0.9070819018440613,0.8852764935341129,0.8429551955666901,0.8303353217070213,0.4117446299930204,0.7896655512019903,0.8365147675243403,0.8359482994383582,0,90.49585663393083,36.422647009348495
57,0.7364266768835755,0.7617772349453752,0.9361302222558318,0.9381099092379216,0.9579853676554673,0.9432678842660988,0.881808420462058,0.8785230714954574,0.43411456344914123,0.8325602210356184,0.8528550711404518,0.8533756318937298,0,102.5492342733839,37.117984154552104
74,0.7586659282982863,0.7691233891706277,0.9319579061725192,0.9337661211086684,0.9433323117336129,0.9376008074916681,0.859443359906739,0.8427713867722825,0.44317548188754236,0.8258318464050002,0.8507839968734261,0.8474991626716637,0,104.15592311484149,35.61200643602323
53,0.7136453890245682,0.7279578660840816,0.8937665488832159,0.9007261047923053,0.9090994334166873,0.8833265984214966,0.8133005369231271,0.806343187212413,0.40740589110344183,0.7734803100366666,0.80914668494582,0.801888796964593,0,75.35013851810079,26.640578294845216
124,0.7214386734194461,0.7396171468322492,0.9352543314135561,0.9420578894881106,0.9742188159255063,0.9641897628063197,0.8221351261345355,0.8199253402776925,0.4188539345635526,0.7857608396504886,0.8228445185145438,0.8267394093138799,0,181.80600355443772,89.02890704578995
42,0.7282561581881987,0.747712745132149,0.9243051660735376,0.931059331030622,0.9398656355283492,0.9157575545992956,0.8497995020997969,0.8472840918958751,0.41939628312127697,0.8030374795469233,0.8331752785506824,0.8359203127167674,0,103.86299991605595,40.58274987163843
23,0.6893741588505103,0.6908928331496621,0.8933330177463297,0.911966224567636,0.897500709550021,0.8704256493239924,0.8225170663559804,0.8243769214862386,0.41555522414609497,0.7652357594137946,0.7937596652667162,0.7964023897185716,0,88.54195169916014,42.200703143858895
47,0.7349297715421723,0.7493753985095001,0.9192865714543533,0.9223068803931787,0.9161660468064298,0.9016841927051861,0.8784020598006415,0.8715548320910979,0.42265490187616017,0.8021671318005027,0.8456757774139749,0.8358512649850729,0,103.33388983170022,47.93783751050113
71,0.745812420264204,0.7611559453430895,0.9270496931789345,0.9380605707699249,0.9333509485406514,0.9226837006946725,0.8478200612168905,0.8376053699979319,0.4410137367884154,0.8139354520451083,0.8672498910807779,0.8689105478299803,0,125.13706120016053,51.186119321606505
78,0.724439443115918,0.7349307120837274,0.918508423520315,0.9195763519615235,0.9270681986408487,0.8956844987524608,0.8545245894200647,0.8440475217371198,0.43589201592138127,0.7961505764934842,0.8498771485772648,0.855402444062444,0,98.73681426834864,39.057111480376825
49,0.7073036217225809,0.724575344727486,0.910777027956132,0.917612842561296,0.9122502321796303,0.8845032136363205,0.8456901712792051,0.8429391380984336,0.45803737856347615,0.8085822543009343,0.8547830707906838,0.8469473628889156,0,86.77087776788045,44.609062452945615
76,0.7464433035921691,0.7472553307633566,0.9085309278644552,0.9223253944017257,0.9217971145954124,0.8895556945098848,0.8548052800195872,0.8474471451093144,0.4270334281275485,0.7852403994795726,0.8300620538339234,0.83945466959177,0,107.82402643201468,42.92154998772909
21,0.7158050058123352,0.7314041080460014,0.8781269702770771,0.8871096806778305,0.8923142267595454,0.872523483210685,0.8308483282633606,0.8263259237416914,0.42555720579101364,0.8217379364288532,0.8373685913744304,0.837674065538661,0,90.65139457446196,50.764241423730724
60,0.7086401866558462,0.7256685863356377,0.8996270696391664,0.8974354356418451,0.876295143890204,0.8510420944604875,0.8313738047735989,0.8264292247137988,0.40986059491056115,0.7556401384139234,0.8106818537681983,0.8129278190914316,0,77.8941238377263,36.930203991514304
55,0.7117671734004578,0.7265941945944908,0.900258953104972,0.9029812231519833,0.910062021670671,0.8868122314383167,0.8386076637879838,0.8235068117823082,0.4333969683590371,0.7977172660913187,0.8172985737142954,0.8186351267265979,0,77.69288077044524,32.30952731841824
27,0.7151415781236372,0.7261332474289638,0.8906305238600265,0.8896814111314215,0.9273279004362687,0.9157167868041289,0.8261513869046432,0.8168045347087075,0.45296911438890763,0.8303021003026506,0.8219988203337032,0.8227947945735358,0,89.71525422713572,40.839750129854096
133,0.7357936240301761,0.7441521781678472,0.9326561742661835,0.9404212989350821,0.9340933511692061,0.9206338022934167,0.8479602315096126,0.8475622088618556,0.41773851465763817,0.8146291413595104,0.8692107643072868,0.8640713336316616,0,112.9851934035192,42.670356575646856
53,0.6953539103487152,0.7139065154510398,0.9085467475210498,0.9126985133392447,0.9144065534608017,0.882300061888246,0.836678642767885,0.829512482847628,0.43358467683496965,0.789648910060422,0.8222449887935059,0.8271011221340213,0,84.49420527695987,29.992046990668353
58,0.7582339672501943,0.7670766258537748,0.947128392824633,0.9555712785224627,0.9388384606777171,0.9264775828808344,0.8512097660533853,0.8442319889363523,0.432654315406775,0.79904616754925,0.848734744194515,0.8558493808342362,0,113.32417435724686,41.19870215354659
23,0.7109030462119842,0.7235574012569094,0.9082383348149189,0.9132361623925322,0.9219636451059378,0.9066034006824589,0.8582616388715661,0.8524332141282958,0.45153467141729237,0.8066701618784735,0.860564537164989,0.8639873958139067,0,100.1706036299284,43.5738367763195
29,0.7189548557040369,0.7321411334403721,0.9059073703278531,0.9069160202294188,0.9357486942779788,0.910814706622415,0.83141909416232,0.8366202989322888,0.42704887342691383,0.7864808278004847,0.825183183024868,0.8243915867322885,0,114.73429927369976,55.5801486851155
36,0.7163783845412549,0.745393823086855,0.9408745452589817,0.9405512384839784,0.9369755456449393,0.92038449413304,0.8428183310734201,0.8404078636757875,0.4543431395817349,0.8474128690292515,0.8612253802173365,0.8669103275555673,0,124.25677302178597,60.40764602886691
87,0.708362088024543,0.7123348501760188,0.8935005103946654,0.9010490676349058,0.9082625635208502,0.8844078147505361,0.8118153527308113,0.8037538750794165,0.4332065243383333,0.7976201763290003,0.8152771454552583,0.8109131565295685,0,82.44702515563091,33.888279788060714
29,0.7183877807498008,0.7271585515420744,0.8985611408949051,0.9056158395920263,0.8969198347339847,0.8581593800930383,0.8259808539407016,0.8151344571377037,0.4009419141476067,0.7758340152030523,0.82227792351678,0.83023349569908,0,90.19486127527856,46.54710445295364
48,0.7428530935751929,0.7459540222547737,0.92896694608536,0.9413305580820385,0.9296402486591251,0.907121341740646,0.85171233349498,0.8508894250829919,0.43180474815132514,0.8058381069450252,0.8549601778789258,0.8633259981911591,0,109.60862527621047,49.744400723637064
34,0.6968894340101552,0.7098263289169506,0.9009182715843989,0.9012091120985078,0.9189131312658856,0.8917150587278793,0.8541457293023761,0.8551483403758137,0.4358575639709223,0.7993377117807696,0.8607592578252563,0.8543474897986846,0,110.68086207754574,52.081239351295466
59,0.7332210436206303,0.7470260964078418,0.9486285120995153,0.9567736400581185,0.9249349224563667,0.9062651633415743,0.8559008059759542,0.8508929638052701,0.40424191246688573,0.8270619296917312,0.8484040583021959,0.8494662455716223,0,87.77783323516786,30.464753007371776
36,0.7069421733621313,0.7073842312079175,0.883014858398823,0.8911589940369644,0.9091816203858769,0.8875763536635651,0.8152900029992556,0.8126557598867906,0.4248752409500923,0.8182841927482651,0.8197074142480744,0.8263154517618395,0,75.08698591174662,31.32364080367867
46,0.7229097870942995,0.7387960677496426,0.917772250957308,0.915374241546731,0.937119404717759,0.9223821631104618,0.8763968365944682,0.8698041999551227,0.4732892462823442,0.8562828964991315,0.8681293467264691,0.8766308220472251,0,110.71546337296047,44.08376177700077
55,0.7234072611898857,0.7374063739542851,0.9044828546698597,0.9022398572420006,0.909206086019386,0.8859102520072776,0.840066939267484,0.8391083082626938,0.42819971638398674,0.7958969320825535,0.8325599777483521,0.8341049452419335,0,100.07591843791916,48.0176726320619
43,0.7124062082965738,0.7304951860481159,0.8912266994589682,0.90717155366421,0.9122384185394465,0.8717242703238053,0.82797172292859,0.8222584636629763,0.4237421055227054,0.792140534967499,0.8363392024621616,0.8459896344807721,0,83.47685708976438,32.28276441017465
63,0.7035927968719512,0.731428041307995,0.877039012368096,0.8866322417764554,0.8899668834452279,0.8648142472159039,0.8213494886263913,0.8214783393878673,0.40736269628360877,0.7840941385165225,0.8119140690227966,0.8165770946171564,0,87.66977566385718,51.407196246519604
77,0.7347483652657739,0.7509963154336182,0.9316725472635214,0.9295095596790057,0.9355327897198875,0.9144513988789433,0.8395921409340699,0.8386026837780213,0.4716797717435914,0.7944732845611742,0.8435481116086887,0.8429009809610967,0,83.29216114578013,29.72644443960377
39,0.6903307279898699,0.7171134099813986,0.8919970411860458,0.9001880673054213,0.8945513556441447,0.8738780817962364,0.8446159557541838,0.8400337661749206,0.41289343111635607,0.7628387206173188,0.811354219875578,0.8224227707194599,0,86.51105406056371,34.51183975636983
48,0.7053676407263899,0.7167012317102033,0.8978708198482056,0.9033019614077495,0.8897013369038858,0.857519486459005,0.8177991905907408,0.805976119128245,0.4032880121268875,0.7741704871403244,0.8131564139877533,0.8117262228271732,0,75.67465485046895,28.5423781146381
55,0.7383795306273574,0.7540459465677387,0.9135055745863639,0.9122752845290776,0.9383315450298789,0.9305986755933349,0.8172350219074035,0.8013682183356701,0.41643745903706747,0.8201830456659663,0.8666691005016881,0.860639495602177,0,105.16786152300718,38.99998523582513
29,0.6915206838620415,0.7162670113057003,0.9076699920571486,0.9201117692997839,0.8844996430661984,0.8505613759422002,0.8217854140846168,0.822460304533547,0.4442146856547236,0.8200449293283464,0.8119122383398643,0.8071468077312509,0,90.67457793819561,38.74515016234062
66,0.7175810504455821,0.7352872886845673,0.9010978908638568,0.9115807494027389,0.9041618082262516,0.8706579240533306,0.8286526823825974,0.8232771151265517,0.41186424172154384,0.7839659464653321,0.805651208986166,0.8174825415854365,0,86.17878027703884,32.858154141571
45,0.7163017436201385,0.7311633470995954,0.9137785138314551,0.9200879857760429,0.9109087503632348,0.87901977789435,0.8381870146583846,0.8288193350970756,0.411512284312462,0.7822184290359823,0.8368858684798717,0.8409560842917928,0,84.42958908317968,33.44934120750616
23,0.7184577275132031,0.7360335469224281,0.895612827152281,0.8985185708424944,0.9134646092022279,0.890259633098677,0.8529647172097502,0.8432857808738723,0.4355869437721649,0.7997541872907513,0.8329386123968324,0.8315614926405659,0,86.02271633263314,37.72928313401184
42,0.7195338337850028,0.7288745191361259,0.9179734829409623,0.9230587869977817,0.9259450810208723,0.905161138270637,0.8628561170558658,0.8574692520813957,0.42184448086011955,0.8176771333785621,0.8558004900354619,0.8614269472759027,0,92.72356934785208,40.227624849144085
34,0.7089576316245152,0.7210463539166438,0.9220550624312757,0.9252349332575311,0.9258385539962787,0.9018531076903726,0.8196861603489582,0.8222755718538408,0.4394656660998049,0.8069353660328838,0.8310770484525095,0.8351679923040498,0,92.03128184844445,31.911884527731644
